Project	Version	TQI	Functional_Suitability	Performance_Efficiency	Compatibility	Usability	Reliability	Security	Maintainability	Portability	Bad_Function	Comprehensibility	Redundancy	Structurdness	Assignment	Resource_Handling	Cohesion	Coupling	Complexity	Messaging	Encapsulation	Pattern_Structural_Integrity	Pattern_Behavioral_Integrity	Pattern_Instability	Pattern_Structural_Aberrations	Pattern_Behavioral_Aberrations	
guava	0	0.8409278811116178	0.8346529615597055	0.8431091116481925	0.8391263301244493	0.8614593020101009	0.8577406050110793	0.8193367427968551	0.8328268206448222	0.8400163468288424	1.0	1.0	1.0	1.0	1.0	1.0	0.7930877724371213	0.605741454356924	0.7205916370396195	0.7188392918707831	0.929563278657299	1.0	0.8852459016393442	0.5149391856160761	1.0	0.459025	
guava	10	0.8073001444640904	0.8048769872447247	0.8142839098531268	0.7990898481858055	0.8295364716943224	0.8251864172401612	0.7794828180080046	0.8024069640615908	0.7973407474445104	1.0	1.0	1.0	1.0	1.0	1.0	0.6647110740337151	0.45241191068682335	0.6087720098370742	0.6727851004587195	0.7785240129596854	1.0	0.8382352941176471	0.5783325426944971	1.0	0.476125	
guava	11	0.7969310510922512	0.7947290643503503	0.8028147863380672	0.7861934677578257	0.8203385864493733	0.8163657835014981	0.7670179283524303	0.7925962886781209	0.7860143313625451	1.0	1.0	1.0	1.0	1.0	1.0	0.629283103199658	0.3902274247264555	0.603115670260685	0.6426457065101663	0.7664719907872045	1.0	0.826530612244898	0.5743361860873384	1.0	0.4677	
guava	12	0.7931461967971625	0.7904741754265869	0.7985254675915207	0.7815802670780094	0.8176182954825069	0.8123360819927602	0.7620008890197733	0.7899021213151223	0.781918627965438	1.0	1.0	1.0	1.0	1.0	1.0	0.5922856801091052	0.3781025193594492	0.586842223733508	0.6281611246104961	0.7744442555449942	1.0	0.8266666666666667	0.5791935483870969	1.0	0.466675	
guava	13	0.792122267385955	0.7893592489138932	0.7977741693494852	0.7805663435860106	0.8164731241975032	0.8113914736337131	0.7608870523781851	0.7892717897469599	0.7805791677688092	1.0	1.0	1.0	1.0	1.0	1.0	0.5923413849226691	0.3828927311676099	0.5829115725818381	0.6209208217294463	0.771038677745986	1.0	0.8301282051282051	0.5779052936311002	1.0	0.45994999999999997	
guava	14	0.7924185044218348	0.7895340060911686	0.7978817896620616	0.7809196923465975	0.8168930586709426	0.8117119347358808	0.7611646311988519	0.7894188377599933	0.7812329596446815	1.0	1.0	1.0	1.0	1.0	1.0	0.5932987708412614	0.38531499631652744	0.5835063541876635	0.6215275021293987	0.7779640832697665	1.0	0.8270440251572327	0.5713126394806252	1.0	0.46385	
guava	15	0.7928209591724912	0.789908818781434	0.7985062979527099	0.7814087372281691	0.8175296932796203	0.8117412584687863	0.7613895422054576	0.7900908056145588	0.781285088458099	1.0	1.0	1.0	1.0	1.0	1.0	0.5909525729236745	0.38805977749788667	0.5777447866869931	0.621141170135427	0.7765994313679678	1.0	0.8364779874213837	0.570653276526679	1.0	0.46385	
guava	16	0.7922072783168298	0.789369813991273	0.7979260939672237	0.7807431824746778	0.816961534504262	0.8111841334146624	0.760723679282752	0.7893494400859924	0.7806565311570381	1.0	1.0	1.0	1.0	1.0	1.0	0.58899796308065	0.38540665876785296	0.5769138999135062	0.6224224198285846	0.7746510772943973	1.0	0.8333333333333334	0.5706025562994524	1.0	0.46385	
guava	17	0.7935221107039588	0.7908555818300727	0.7994100809641123	0.7821138272286441	0.8180953074599093	0.8123431615335817	0.7622209629386205	0.7906852312331214	0.7817058650813795	1.0	1.0	1.0	1.0	1.0	1.0	0.5942469297728665	0.39090470839458313	0.5789895368527929	0.6248926875695079	0.770088988457333	1.0	0.839622641509434	0.5703489551633193	1.0	0.465425	
guava	18	0.7934618618140364	0.7908039617671159	0.799396806369373	0.7820760158853914	0.8180503974201995	0.8122568823477951	0.7621501077438535	0.7906182136074512	0.7816220978124472	1.0	1.0	1.0	1.0	1.0	1.0	0.5940098714837253	0.3910116479211296	0.5781862848213254	0.6252511010098176	0.7696546099058613	1.0	0.839622641509434	0.5703489551633193	1.0	0.465425	
guava	19	0.7932863086682864	0.7906200506037006	0.799243099386944	0.78187054310689	0.8178795285357245	0.8120907359072699	0.7619345638134869	0.7905011760877804	0.7814076229324748	1.0	1.0	1.0	1.0	1.0	1.0	0.5934810748030606	0.3909488421674435	0.5774035535008644	0.6242253695833102	0.769499095649713	1.0	0.839622641509434	0.5701967944816394	1.0	0.465425	
guava	1	0.8324821963062898	0.826445819206724	0.8361774675178246	0.830727169555994	0.853628549509768	0.8493816584631194	0.8097783836129613	0.8241027513647757	0.8312596955335773	1.0	1.0	1.0	1.0	1.0	1.0	0.7717766821022523	0.5378624792000968	0.6834184005392612	0.723119726839111	0.9178234960362583	1.0	0.845679012345679	0.5591397849462365	1.0	0.46605	
guava	2	0.827602202536989	0.8213889254412086	0.8315631501671692	0.8249853057242009	0.8494549676874806	0.8443662013985086	0.8036098366387094	0.8205117364208423	0.8254393909573577	1.0	1.0	1.0	1.0	1.0	1.0	0.7423506894267159	0.5147782284408522	0.6606601979140823	0.7057874465186157	0.9140346913371065	1.0	0.8444444444444444	0.5738351254480286	1.0	0.466675	
guava	3	0.822704637373298	0.816809867501218	0.8266947021494102	0.8192010419140603	0.8450335976677507	0.8397646353291833	0.7979008601544555	0.8157544717450762	0.8198404787192195	1.0	1.0	1.0	1.0	1.0	1.0	0.717941726335241	0.49570714186292053	0.6515039657706181	0.7011248008660558	0.9000180708534047	1.0	0.835	0.5780645161290323	1.0	0.4625	
guava	4	0.8211457832516318	0.8161656932884672	0.8258751366600959	0.8170272174360114	0.8434037675524851	0.8383838022996746	0.7960336294222784	0.8139032074710209	0.8170330786851252	1.0	1.0	1.0	1.0	1.0	1.0	0.7220606637234007	0.4969598620310362	0.6475937296095133	0.7033332833848474	0.8747077159802066	1.0	0.8380952380952381	0.5601382488479263	1.0	0.46905	
guava	5	0.8239553604405125	0.8192755668880581	0.8279142348072012	0.8193745174872904	0.8466663637509324	0.840688144562117	0.7988097150868319	0.8166709973259457	0.8193634084540693	1.0	1.0	1.0	1.0	1.0	1.0	0.7134714080949591	0.48336326508441435	0.6592756524767114	0.7123160468628391	0.8685232944849997	1.0	0.86	0.5732903225806452	1.0	0.46799999999999997	
guava	6	0.8061092740294074	0.8037579242994115	0.813403535156805	0.797687286673003	0.828328383392873	0.8241441233900021	0.7780220830508393	0.8016246318376357	0.7954704505450267	1.0	1.0	1.0	1.0	1.0	1.0	0.6681715698989333	0.45281760190657905	0.6052171802215636	0.663319176724571	0.7703901571227998	1.0	0.8484848484848485	0.5715420332355815	1.0	0.4697	
guava	7	0.8066803681216546	0.804321283604012	0.8138886496935893	0.798463160280664	0.8287231888511973	0.824791049768593	0.7788793616943246	0.8018694647762482	0.7964401689345845	1.0	1.0	1.0	1.0	1.0	1.0	0.6716245674480291	0.4509385216544054	0.6092224753294673	0.6682152317966044	0.7730578363482223	1.0	0.8419117647058824	0.5764943074003794	1.0	0.4706	
guava	8	0.8068607003781609	0.8045549350670808	0.8140593290487407	0.7986547378291149	0.8288934825864986	0.8249521057821769	0.779110384526858	0.8019597412445623	0.7966188210316621	1.0	1.0	1.0	1.0	1.0	1.0	0.6716581850197727	0.4515037734375795	0.6102421616734318	0.6700431523286223	0.7719752034704994	1.0	0.8419117647058824	0.5764943074003794	1.0	0.4706	
guava	9	0.8080240507788538	0.8059562543796652	0.8153191082748285	0.800046635335785	0.829795005071028	0.8261563567849297	0.7806758510848569	0.8026010880071421	0.7978932726277499	1.0	1.0	1.0	1.0	1.0	1.0	0.6804876452180921	0.45499034149355483	0.6163165887668698	0.6780524555298972	0.767795550338421	1.0	0.8405797101449275	0.5748597475455819	1.0	0.471025	
hystrix	0	0.6753295939490751	0.704285196317839	0.7033357714738073	0.6504761485205323	0.6797670030374898	0.7312118776955074	0.6740754402424775	0.6155047506203847	0.6422586967824805	1.0	1.0	1.0	1.0	1.0	1.0	0.8285058754159418	0.7164117540946079	0.8700701275136729	0.8951756155291903	0.1274291175533609	0.46354166666666674	0.0	0.6008064516129032	0.8958333333333334	0.0625	
hystrix	10	0.6548712203433065	0.6711374983145652	0.6740117729137626	0.6310996532498837	0.676692374511604	0.7089674408753784	0.6395360176129777	0.5995705803273195	0.6341242657478624	1.0	1.0	1.0	1.0	1.0	1.0	0.7102129322427111	0.38053836413078534	0.6814934103311132	0.7410372573268895	0.5500564853125913	0.36312500000000003	0.0	0.5720046082949308	1.0	0.14287499999999997	
hystrix	11	0.6563037737649825	0.6723959635308195	0.6753226880059634	0.6328903576265063	0.6780111983945886	0.710330527284285	0.6412734296925321	0.6008409996878157	0.6359969204848881	1.0	1.0	1.0	1.0	1.0	1.0	0.716259831790443	0.385866668477283	0.6852465642554345	0.7439493698530357	0.5568991301382521	0.36312500000000003	0.0	0.5720046082949308	1.0	0.14287499999999997	
hystrix	12	0.6561740736661026	0.6720673243781632	0.6750456455241333	0.6327114772846715	0.6779426379083698	0.7101969448802344	0.6410448801290828	0.6009728890758823	0.6359837126316438	1.0	1.0	1.0	1.0	1.0	1.0	0.7131844852152557	0.3875216849595497	0.68408254580071	0.7397967545345838	0.5619937594327982	0.36312500000000003	0.0	0.5720046082949308	1.0	0.14287499999999997	
hystrix	13	0.6831033113593462	0.702216814171886	0.7015008622972734	0.6546284696693231	0.7003322029900587	0.7343672373347115	0.6690638746064751	0.6331477548820929	0.6597861358227664	1.0	1.0	1.0	1.0	1.0	1.0	0.7117896310646759	0.42558536659888174	0.7188659750798914	0.7543558572398632	0.5388437193174296	0.378125	0.0	0.6564516129032257	1.0	0.35	
hystrix	14	0.6839438831593028	0.7030202786659142	0.702402100411139	0.6556535350873461	0.7009122575625157	0.7352577342625303	0.6701516785938451	0.6339628144323681	0.6607624949360089	1.0	1.0	1.0	1.0	1.0	1.0	0.7188590900274597	0.4301362375619146	0.7216390651253779	0.7544378101253557	0.5403031750668013	0.378125	0.0	0.6564516129032257	1.0	0.35	
hystrix	15	0.6782074864031166	0.6980527732316054	0.6934730596650182	0.6439856604187002	0.6994258244729095	0.7269272497854873	0.6593663885699674	0.6319939567157008	0.6524204649160821	1.0	1.0	1.0	1.0	1.0	1.0	0.5323134158249105	0.4172355962642459	0.6802207428371803	0.746808177347829	0.534180647435488	0.39104166666666673	0.0	0.6466973886328724	1.0	0.428575	
hystrix	16	0.6771153246947115	0.6969838639489873	0.6922790974334092	0.6425287780087983	0.6984856232981547	0.7258831456832638	0.6579819647137772	0.6311662023451179	0.6510831653668882	1.0	1.0	1.0	1.0	1.0	1.0	0.5240468072828173	0.4144619583852471	0.6778714584080539	0.7426263853105006	0.5321662946214156	0.39104166666666673	0.0	0.6466973886328724	1.0	0.428575	
hystrix	17	0.6771153246947115	0.6969838639489873	0.6922790974334092	0.6425287780087983	0.6984856232981547	0.7258831456832638	0.6579819647137772	0.6311662023451179	0.6510831653668882	1.0	1.0	1.0	1.0	1.0	1.0	0.5240468072828173	0.4144619583852471	0.6778714584080539	0.7426263853105006	0.5321662946214156	0.39104166666666673	0.0	0.6466973886328724	1.0	0.428575	
hystrix	18	0.6774208280259898	0.6972491042378818	0.6925900174259005	0.6429638924826315	0.6987889199404499	0.7261696122016739	0.6583538043168198	0.6313811537046906	0.6515088891194545	1.0	1.0	1.0	1.0	1.0	1.0	0.5265145344591707	0.4142294073513286	0.6783194918810735	0.7438018915095861	0.533877749502135	0.39104166666666673	0.0	0.6466973886328724	1.0	0.428575	
hystrix	19	0.6768601771871279	0.6967132579070149	0.6919752195617936	0.6422111359300078	0.6983306262539983	0.7255988011423586	0.6576377586765717	0.6309479242476431	0.650807164654401	1.0	1.0	1.0	1.0	1.0	1.0	0.5209898609303378	0.41354872877759635	0.6768743648119052	0.7423254677957168	0.5324579504796961	0.39104166666666673	0.0	0.6466973886328724	1.0	0.428575	
hystrix	1	0.6702135820979063	0.6986278620784162	0.6988947603375733	0.6467705737246972	0.6742528866712839	0.7267355576220775	0.6696245613390076	0.6099116069560852	0.6373415946857938	1.0	1.0	1.0	1.0	1.0	1.0	0.8297039046151367	0.7344830586437867	0.8694742054190924	0.8909842776206887	0.11325262822554945	0.46354166666666674	0.0	0.6008064516129032	0.8958333333333334	0.0	
hystrix	2	0.6494489279510127	0.6770130548845711	0.6756066698980788	0.6199251642171214	0.6575777690241088	0.70655832367489	0.6429809189665525	0.5940402242928325	0.6134288056348867	1.0	1.0	1.0	1.0	1.0	1.0	0.6711311361286726	0.686294389818878	0.8146185380260043	0.8055901895596473	0.11659764256132517	0.47083333333333344	0.0	0.5806451612903225	0.8833333333333333	0.0	
hystrix	3	0.6225764958731185	0.6502477750444314	0.6440562172028974	0.584525289641936	0.6381634353044612	0.6817581666101076	0.6080371581181903	0.5691061986951264	0.5829340047688981	1.0	1.0	1.0	1.0	1.0	1.0	0.4944372461265555	0.5478002746103552	0.7640552148043096	0.7221095528196856	0.13459700541573735	0.3639583333333334	0.0	0.5700992555831266	0.9615384615384616	0.0	
hystrix	4	0.6225312214442169	0.6502143568777459	0.6440114817406429	0.5844671870622218	0.6381245595950927	0.6817196759414532	0.607983038245988	0.5690511483368689	0.5828758190927638	1.0	1.0	1.0	1.0	1.0	1.0	0.49439215639425504	0.5472729053019038	0.7640693070315971	0.7221637727070066	0.134278432621854	0.3639583333333334	0.0	0.5700992555831266	0.9615384615384616	0.0	
hystrix	5	0.6195589667760015	0.647141431325412	0.6408339130565144	0.5808795435834113	0.635705367614078	0.6790341869899824	0.6042001693036816	0.5664311318034745	0.5796249760216324	1.0	1.0	1.0	1.0	1.0	1.0	0.4854202952079113	0.5239932062910447	0.7570400444354153	0.7109410182030476	0.13539343740044596	0.3639583333333334	0.0	0.5700992555831266	0.9615384615384616	0.0	
hystrix	6	0.6195060438827228	0.647051758101943	0.6407200804888165	0.5808478824974808	0.6357358508736696	0.678996619406877	0.6041093874113355	0.5663126820318921	0.5796553528922657	1.0	1.0	1.0	1.0	1.0	1.0	0.4859258643498426	0.5207467364071153	0.7571216832622847	0.7111365423827017	0.13698630136986298	0.3639583333333334	0.0	0.5700992555831266	0.9615384615384616	0.0	
hystrix	7	0.66170789484637	0.6783499744510263	0.6813428736862298	0.6393263412666307	0.6816664903376504	0.7161899610291137	0.6484682957134359	0.6051090164695392	0.6418014927780078	1.0	1.0	1.0	1.0	1.0	1.0	0.7679823459895044	0.4030533781008219	0.7100109718264982	0.7586490614958116	0.5468587471111807	0.36312500000000003	0.0	0.5720046082949308	1.0	0.14287499999999997	
hystrix	8	0.6569277156693294	0.6734732010427528	0.6763039913141855	0.6334703034064225	0.6780710070866796	0.7111381036141905	0.642280736945315	0.601230040691135	0.6362242657334313	1.0	1.0	1.0	1.0	1.0	1.0	0.7263953407313088	0.3905584280229088	0.690963576193446	0.7476508749059811	0.5439022220065197	0.36312500000000003	0.0	0.5720046082949308	1.0	0.14287499999999997	
hystrix	9	0.6559374650469147	0.6724974046033744	0.6753896320139249	0.6323272135385695	0.6772203724532839	0.7101820525347791	0.6410505151246345	0.6003656726671591	0.6350489348781966	1.0	1.0	1.0	1.0	1.0	1.0	0.7232970884758754	0.3854355154654925	0.6872585389273128	0.7448332277242242	0.5422660018230683	0.36312500000000003	0.0	0.5720046082949308	1.0	0.14287499999999997	
rxjava	0	0.6158140374252702	0.6161363724702509	0.6287209575889617	0.5609704506060851	0.6685951997839078	0.6538918733128859	0.5645360840489844	0.6133153778729837	0.5637947930231141	1.0	1.0	1.0	1.0	1.0	1.0	0.0	0.13055958229081446	0.10998493120884602	0.0	1.0	0.2185416666666666	0.551094890510949	0.8393571933129267	0.8807785888077859	0.41425	
rxjava	10	0.6124020058405136	0.613083010948454	0.6249496857601379	0.5568630294928298	0.6660822317703738	0.6511424149344877	0.5600969894320544	0.6090382429551902	0.5604720290001104	1.0	1.0	1.0	1.0	1.0	1.0	0.0	0.08249450874018453	0.1058383606853116	0.0	1.0	0.19833333333333328	0.5408805031446541	0.8386589571921281	0.9025157232704403	0.422975	
rxjava	11	0.6146739048183142	0.6153241239753037	0.6270718760734627	0.5591902743387014	0.6676980742462925	0.6533050292779763	0.5628447841767479	0.6117435532223205	0.5628550039898452	1.0	1.0	1.0	1.0	1.0	1.0	0.0	0.10328660811586135	0.11317113159193283	0.0	1.0	0.19458333333333325	0.5414012738853503	0.844514074378467	0.9087048832271762	0.423575	
rxjava	12	0.6139422695430568	0.6149166156739088	0.626514344742663	0.5579634030913139	0.6672295883310858	0.6527398601416063	0.5623031006774916	0.6104769553757581	0.5614489071554991	1.0	1.0	1.0	1.0	1.0	1.0	0.0	0.10319155075893115	0.11337806217468126	0.0	1.0	0.1862499999999999	0.540625	0.8483870967741934	0.9	0.425	
rxjava	13	0.6146873647053552	0.6155646195197166	0.6274297920679076	0.5589201782492015	0.6676794114568368	0.6532869919075955	0.563097671798067	0.6116389490899635	0.5622911681121179	1.0	1.0	1.0	1.0	1.0	1.0	0.0	0.10083039391089732	0.1108232653645957	0.0	1.0	0.18604166666666658	0.5391566265060241	0.8610571317528177	0.9046184738955824	0.427725	
rxjava	14	0.6106630240487687	0.6114202235677396	0.6246129108744047	0.5554543553125524	0.6647602946999722	0.6488972169096712	0.558152063919249	0.6073233881243295	0.5578383760778158	1.0	1.0	1.0	1.0	1.0	1.0	0.0	0.07099426600443376	0.08116056221447557	0.0	1.0	0.18604166666666658	0.5391566265060241	0.8610085503303537	0.9016064257028112	0.427725	
rxjava	15	0.6103894187211624	0.6111358155477219	0.624496689091571	0.5552484821347955	0.6645523362696573	0.6485643709759876	0.557841717819078	0.6070453791749144	0.5574917388143641	1.0	1.0	1.0	1.0	1.0	1.0	0.0	0.07034414158114335	0.07819986310746065	0.0	1.0	0.18604166666666658	0.5391566265060241	0.8615915273999224	0.9006024096385542	0.427725	
rxjava	16	0.6101400128633524	0.6108582592667502	0.624378615985987	0.5550815796379025	0.6643296727624214	0.6482756427687482	0.5576258429513585	0.6067790550045531	0.5571865060045303	1.0	1.0	1.0	1.0	1.0	1.0	0.0	0.07082282327139892	0.07636799685889985	0.0	1.0	0.1875	0.5391566265060241	0.8625145744267392	0.8975903614457831	0.426225	
rxjava	17	0.6101426157383896	0.6108610064040652	0.6243802674470469	0.555083640396165	0.6643315890393505	0.6482785975284302	0.5576290795004233	0.6067817203787377	0.5571893547412842	1.0	1.0	1.0	1.0	1.0	1.0	0.0	0.07083979779942226	0.07639054698650703	0.0	1.0	0.1875	0.5391566265060241	0.8625145744267392	0.8975903614457831	0.426225	
rxjava	18	0.6103094646396695	0.6110391744132961	0.6244757637053774	0.5552082987099277	0.6644558834095693	0.6484737560702113	0.5578357389976434	0.6069480906204866	0.5573741123448387	1.0	1.0	1.0	1.0	1.0	1.0	0.0	0.07171907835102652	0.07800089139327952	0.0	1.0	0.1875	0.5391566265060241	0.8625145744267392	0.8975903614457831	0.426225	
rxjava	19	0.61024150434919	0.6110053687483853	0.6244089675547552	0.5550770642137526	0.6644133337359238	0.6484308642095536	0.5578017141255511	0.6068161335900952	0.5572356385538899	1.0	1.0	1.0	1.0	1.0	1.0	0.0	0.07171907835102652	0.07845719985780152	0.0	1.0	0.1875	0.5391566265060241	0.8627089001165953	0.8955823293172691	0.426225	
rxjava	1	0.6173441538428701	0.6174393225545365	0.6298249307115732	0.56275904086007	0.6697033224952547	0.6553133690214674	0.56578256219041	0.6155472690477604	0.5660988210777709	1.0	1.0	1.0	1.0	1.0	1.0	0.0	0.12290746505793412	0.11307164573484235	0.0	1.0	0.22041666666666662	0.55	0.8431451612903227	0.9	0.41964999999999997	
rxjava	2	0.6178820436728611	0.6178539729452669	0.6301099128951642	0.5634300437512756	0.6700653238091411	0.6558531427280411	0.5662058064071379	0.61633335703985	0.5670634410478925	1.0	1.0	1.0	1.0	1.0	1.0	0.0	0.12339463401220135	0.11556807750876798	0.0	1.0	0.224375	0.5492957746478873	0.8383121308496139	0.9061032863849765	0.420775	
rxjava	3	0.6177317415578865	0.617914261040114	0.6291134600753513	0.5626943412980907	0.669774398380123	0.6564059474435476	0.566396467977209	0.615543286917323	0.5671266992950589	1.0	1.0	1.0	1.0	1.0	1.0	0.0	0.12886212948848963	0.13351665260599888	0.0	1.0	0.21791666666666668	0.5445205479452055	0.8303137428192668	0.9075342465753424	0.4144	
rxjava	4	0.6127717024250341	0.6131973584816882	0.6251367008162042	0.5576510968063403	0.6662283078592965	0.651531955196797	0.5607224592017862	0.6094711996601919	0.561246893980629	1.0	1.0	1.0	1.0	1.0	1.0	0.0	0.10200842615571078	0.11075163554749058	0.0	1.0	0.20458333333333328	0.5436241610738255	0.8259363498592769	0.901565995525727	0.41107499999999997	
rxjava	5	0.6128853951290064	0.6133387280419252	0.625187983594234	0.5576921139781758	0.6663163629331049	0.6516827434254328	0.5608900597573871	0.6095552497485737	0.5613358834914159	1.0	1.0	1.0	1.0	1.0	1.0	0.0	0.1020372828533503	0.11242034499042282	0.0	1.0	0.20458333333333328	0.5436241610738255	0.8268564624377569	0.9004474272930648	0.41107499999999997	
rxjava	6	0.6113733529391645	0.612501300188315	0.6240157558982878	0.5551528140214845	0.6653662937269563	0.6505269550862923	0.5597703963783196	0.6069079609379707	0.5584275175010583	1.0	1.0	1.0	1.0	1.0	1.0	0.0	0.10328660811586135	0.11317113159193283	0.0	1.0	0.1862499999999999	0.542483660130719	0.8333860425890788	0.8834422657952069	0.4134	
rxjava	7	0.6115706516079554	0.6126841674608358	0.62413196304487	0.5553696265109517	0.6655506174623818	0.6507188818620365	0.5598717283727378	0.6071748830497818	0.5587354850728732	1.0	1.0	1.0	1.0	1.0	1.0	0.0	0.10319155075893115	0.11337806217468126	0.0	1.0	0.18395833333333325	0.5427631578947368	0.8315471137521225	0.8892543859649124	0.414475	
rxjava	8	0.6117950638793503	0.6127589864796958	0.6243395726923409	0.5558162082239734	0.6657254872555325	0.6508000728324494	0.5598682444932619	0.6077100601406176	0.5592809938264864	1.0	1.0	1.0	1.0	1.0	1.0	0.0	0.10083039391089732	0.1108232653645957	0.0	1.0	0.1924999999999999	0.5427631578947368	0.8261353989813246	0.8903508771929824	0.417775	
rxjava	9	0.6114844562166227	0.6124811833309048	0.6241107077366073	0.5554660114973435	0.6655371188904771	0.6504696430846344	0.5594612022211277	0.6073502302691611	0.5588824937907599	1.0	1.0	1.0	1.0	1.0	1.0	0.0	0.09719784491392221	0.10858549681910555	0.0	1.0	0.1924999999999999	0.5427631578947368	0.8259231748726654	0.8892543859649124	0.419425	
selenium	0	0.6787473611434709	0.7053723201577176	0.7045194643376247	0.6292466771137601	0.7094021545904212	0.724503173573442	0.6554930036092317	0.6408453581319711	0.6142244226891449	1.0	1.0	1.0	1.0	1.0	1.0	0.6285231577037653	0.3935306678797796	0.5626643790833721	0.48277795933847356	0.40713603058298814	0.0	0.5833333333333333	0.8083333333333333	1.0	0.33335000000000004	
selenium	10	0.7307301606873287	0.755553768234018	0.750427229031276	0.6932129830083164	0.7607865272263653	0.7730792641713023	0.7186433960250068	0.6784783249594755	0.6810766259608995	1.0	1.0	1.0	1.0	1.0	1.0	0.807250276459115	0.47073251878231526	0.7461502790788144	0.7271443571878642	0.5607757250145493	0.0	0.5877192982456141	0.814516129032258	1.0	0.324575	
selenium	11	0.7270268575518984	0.7523309016280906	0.7474565901130213	0.6884873646329439	0.7573110148189557	0.7693293875739593	0.7139577587308353	0.6756829271023961	0.6758812443631316	1.0	1.0	1.0	1.0	1.0	1.0	0.7900283650772616	0.4621383152441446	0.7279646813908601	0.7158257833243936	0.5423401890617039	0.0	0.5877192982456141	0.814516129032258	1.0	0.33335000000000004	
selenium	12	0.7236576491392435	0.7494051121513744	0.744668187886824	0.6845776948221048	0.754025708593279	0.7660623079024775	0.7101050554176056	0.6725438340976205	0.6715098230944526	1.0	1.0	1.0	1.0	1.0	1.0	0.7769311298311369	0.46256267844472587	0.717808277831793	0.7122403724308719	0.5234811074561831	0.0	0.5849056603773585	0.8102556299452222	1.0	0.3302	
selenium	13	0.7148365819885313	0.7394073634458366	0.7358223138693241	0.6778844809072677	0.7464583160075874	0.758151727351472	0.7014493889668673	0.6618821153027059	0.6636831461917484	1.0	1.0	1.0	1.0	1.0	1.0	0.7744724899431144	0.46004196103327344	0.7164775120493738	0.7109815155638749	0.5206635670833826	0.0	0.5964912280701755	0.7879173740803621	0.9970760233918129	0.232475	
selenium	14	0.7213338060270206	0.7458846681504012	0.7421205594153761	0.6852714564063941	0.752457976962107	0.7641505552591903	0.7089022727882206	0.6680563899536107	0.6705846930345509	1.0	1.0	1.0	1.0	1.0	1.0	0.8014883986749091	0.4633876405066557	0.7336153559790979	0.7237965036587171	0.5242825148350672	0.0	0.6181818181818182	0.7983870967741935	1.0	0.231825	
selenium	15	0.7189472789025088	0.7440757007698084	0.7400794161618974	0.6822260408672346	0.750554948865236	0.7618375888795305	0.7063632026490931	0.6651736481082784	0.6670029817336337	1.0	1.0	1.0	1.0	1.0	1.0	0.7928230628168202	0.4571868454197631	0.7304373350361092	0.7258544248743788	0.5094527579859469	0.0	0.6226415094339622	0.7977784540474742	0.9874213836477987	0.226425	
selenium	16	0.7181240583828545	0.7434492503735654	0.7394490958697999	0.6812146755615971	0.7497578199186523	0.7610065364527873	0.7054009623794544	0.664393718222295	0.6658108190779083	1.0	1.0	1.0	1.0	1.0	1.0	0.7890939960881576	0.45589168893158927	0.7276901934898881	0.7259437698910685	0.5024228346830915	0.0	0.6226415094339622	0.7977784540474742	0.9874213836477987	0.226425	
selenium	17	0.7177231342583312	0.7429681026964764	0.7390195055782514	0.6807249354627547	0.7494151082063399	0.7606029732349787	0.7048757908226277	0.664190833393886	0.665371266970317	1.0	1.0	1.0	1.0	1.0	1.0	0.7859474690442176	0.45617346609677517	0.7257107857813097	0.7229169331995972	0.5037950178089468	0.0	0.6226415094339622	0.7977784540474742	0.9874213836477987	0.226425	
selenium	18	0.7154318044003812	0.7404614500616871	0.7367495843581022	0.6789516765644139	0.7470720240392381	0.758624380930777	0.702336267318049	0.6617924168538909	0.6636331923154845	1.0	1.0	1.0	1.0	1.0	1.0	0.7852637908810212	0.4559290328932404	0.7236062551899947	0.7221089327613693	0.49840713603058295	0.0	0.6176470588235294	0.7858950031625553	1.0	0.2108	
selenium	19	0.7183780088382657	0.7437920346184534	0.7398735878273741	0.6816615968113262	0.7495406274978679	0.7614202549256512	0.7055383155103365	0.6648602406443823	0.6662975483085825	1.0	1.0	1.0	1.0	1.0	1.0	0.7973275866753717	0.4618174966645053	0.7280313689908293	0.7249961776522368	0.49585855367951565	0.0	0.62	0.7851612903225806	1.0	0.22999999999999998	
selenium	1	0.6759659079753741	0.7025246161369678	0.7016957240030365	0.6262518341386751	0.7071040101289996	0.7218463993077626	0.6525684785490651	0.6378570648244583	0.6111345288772254	1.0	1.0	1.0	1.0	1.0	1.0	0.6147517415308731	0.39001524312616487	0.5590142833622459	0.48046810382044053	0.40570245301051283	0.0	0.5819672131147541	0.8116076150185088	0.9918032786885246	0.319675	
selenium	2	0.6745999516163853	0.7007012411849799	0.699803128183391	0.6247689645409664	0.7064041502399229	0.7202311710117888	0.6504122329317332	0.6370698387359078	0.6101801111111942	1.0	1.0	1.0	1.0	1.0	1.0	0.594759538397515	0.38545927980472505	0.5507261597809069	0.47546106330012794	0.4144632048423065	0.0	0.5819672131147541	0.8068482284505554	1.0	0.319675	
selenium	3	0.6734027899997517	0.6993719639901604	0.6985588848133973	0.6236652867428317	0.7054000360350546	0.7191020173859124	0.649108552903057	0.6358101651820247	0.6090501679418552	1.0	1.0	1.0	1.0	1.0	1.0	0.5906799539374378	0.38320675993604	0.5490277546421792	0.4742325025922833	0.41462249123924816	0.0	0.5819672131147541	0.8061872025383396	1.0	0.3115	
selenium	4	0.6733088113757325	0.6992862613084699	0.6984570497141152	0.6235416158100336	0.7053283236540967	0.7190035949920746	0.6489884763196351	0.6357270048509187	0.6089323853598901	1.0	1.0	1.0	1.0	1.0	1.0	0.5897406207471865	0.3829589318269006	0.5487820764826652	0.47416189565505085	0.4143039184453648	0.0	0.5819672131147541	0.8061872025383396	1.0	0.3115	
selenium	5	0.6732876852524937	0.699333508295049	0.6984162357782828	0.6234133107704716	0.70531305442017	0.7190225300475852	0.6489248162665283	0.6356653145995844	0.6088919866160875	1.0	1.0	1.0	1.0	1.0	1.0	0.5899835489428985	0.38245309089180773	0.5490233509452513	0.47431117889377095	0.41398534565148126	0.0	0.5806451612903225	0.8039802289281999	1.0	0.314525	
selenium	6	0.6733113313708128	0.6993733331353279	0.6984529454380319	0.6234342966455027	0.7053145549876709	0.7190526546618105	0.6489627731189517	0.6356834433234321	0.6089001123734319	1.0	1.0	1.0	1.0	1.0	1.0	0.5903209557511361	0.3827077088121565	0.5492302523320874	0.4744160806290877	0.4135074864606562	0.0	0.5806451612903225	0.8039802289281999	1.0	0.314525	
selenium	7	0.6991695708835186	0.7264556627208288	0.7256113524871375	0.6524136564255749	0.7253747610431577	0.7455375168241054	0.6806410794331628	0.659041367482303	0.636970158127633	1.0	1.0	1.0	1.0	1.0	1.0	0.7736997206649068	0.4560376698725892	0.6308997874372768	0.5156144739957653	0.4229053838802166	0.0	0.5862068965517242	0.7971357063403783	1.0	0.37070000000000003	
selenium	8	0.7328026714957883	0.7581220941116764	0.7520836817608045	0.6944281783961214	0.7624301546482668	0.7752710064768432	0.7208634779607656	0.680672686732147	0.6828896069891898	1.0	1.0	1.0	1.0	1.0	1.0	0.8063252160539545	0.4832716026330888	0.7570074130185099	0.7283754987269837	0.5565377445709057	0.0	0.5847457627118644	0.8067249863313286	1.0	0.343225	
selenium	9	0.7330439450064338	0.7577774550576905	0.7518975736331837	0.6956398486176115	0.7634561663731368	0.7752532844355947	0.7211974584675044	0.6800866455803849	0.6842038045540756	1.0	1.0	1.0	1.0	1.0	1.0	0.8058849664710999	0.47909077638096276	0.7571858112666743	0.7378702426653159	0.5724050204809443	0.0	0.5877192982456141	0.802207130730051	1.0	0.32894999999999996	
springBoot	0	0.748820935801482	0.7766855963247165	0.7727731508847184	0.7149144119521343	0.7743233482944982	0.7854881406138937	0.7358924120021388	0.7026433493062563	0.6946790841763766	1.0	1.0	1.0	1.0	1.0	1.0	0.8338269287215465	0.542015517736458	0.745421497449376	0.792395146336657	0.33689072953169785	0.18229166666666666	0.75	0.7298387096774194	1.0	0.3125	
springBoot	10	0.7196732825319938	0.7511899251513932	0.7447221173969805	0.6792220447564885	0.7486816613909814	0.7591356844761049	0.7026843244986292	0.670003827883328	0.6616408200545618	1.0	1.0	1.0	1.0	1.0	1.0	0.7189502997780779	0.4328793212904715	0.6854133365686865	0.7945867074273485	0.28400764574705306	0.12958333333333322	0.6212121212121212	0.7287390029325511	1.0	0.371225	
springBoot	11	0.7193197860839111	0.7508163118023258	0.7443658663090121	0.6788272127474921	0.7484507167632669	0.7587285611460628	0.7022186809144448	0.6696979932787815	0.6612466356373029	1.0	1.0	1.0	1.0	1.0	1.0	0.715563369304312	0.43192195790996035	0.683375173072083	0.7942950307425511	0.28416693214399474	0.12958333333333322	0.6212121212121212	0.7287390029325511	1.0	0.371225	
springBoot	12	0.7190088578849866	0.7503443126031761	0.7438871056412409	0.6785123638613517	0.7484581967059536	0.7582557287164728	0.7017164767384132	0.669461435634171	0.6610669605981252	1.0	1.0	1.0	1.0	1.0	1.0	0.707821274011675	0.43119714556336763	0.6802973755521247	0.7943647735072371	0.2887862376553041	0.12958333333333322	0.6212121212121212	0.7287390029325511	1.0	0.371225	
springBoot	13	0.7225275484583109	0.7530490056569462	0.7472372619952075	0.6835285748350767	0.7514144942641167	0.7610833716659215	0.7053091642204026	0.6740791577192274	0.6657250417527393	1.0	1.0	1.0	1.0	1.0	1.0	0.7190856495720677	0.4325771746916577	0.683643557929065	0.7962059603105651	0.2891048104491877	0.15958333333333327	0.640625	0.7253024193548385	1.0	0.359375	
springBoot	14	0.7225977837941073	0.7531290501745881	0.7473112079192368	0.6836135489308853	0.7514753227319395	0.7611498897667206	0.7053995927590332	0.6741239757369195	0.6658021400102757	1.0	1.0	1.0	1.0	1.0	1.0	0.7194433349215219	0.4327672894055181	0.683917911373771	0.7966661788471979	0.2889455240522458	0.15958333333333327	0.640625	0.7253024193548385	1.0	0.359375	
springBoot	15	0.7221224492521847	0.7529740840990643	0.7470127134778757	0.6827062723565819	0.7510312472849373	0.7608480727147865	0.7050569009586622	0.6733194599012337	0.6648347266286123	1.0	1.0	1.0	1.0	1.0	1.0	0.7194630977518168	0.43271297091584365	0.6838302855344134	0.796706039492953	0.2876712328767123	0.14854166666666666	0.6363636363636364	0.731427174975562	1.0	0.36365000000000003	
springBoot	16	0.732358816543022	0.7627681762523942	0.7566681240811104	0.6931308221802752	0.7596499894117925	0.7694021114431859	0.7140519343424924	0.6877556100832005	0.6760032870711857	1.0	1.0	1.0	1.0	1.0	1.0	0.7305373884835874	0.43298965572262266	0.6849647602994369	0.788211529010915	0.27906976744186035	0.22083333333333324	0.6666666666666667	0.7048387096774192	1.0	0.425	
springBoot	17	0.7323535517798595	0.7627608081550835	0.7566848614223316	0.693149439172041	0.7596602694883097	0.7693732230586727	0.7140437797684827	0.6877415546037262	0.6759979905121772	1.0	1.0	1.0	1.0	1.0	1.0	0.7303236728551076	0.43319504751170396	0.6844873235307471	0.7885678275533836	0.27906976744186035	0.22083333333333324	0.6666666666666667	0.7048387096774192	1.0	0.425	
springBoot	18	0.7307762560491601	0.7614135322145095	0.7553102479461554	0.691321498651855	0.7582382471351109	0.7681312956968069	0.7126730022094839	0.6855334272163696	0.6740151795234433	1.0	1.0	1.0	1.0	1.0	1.0	0.7304119247882271	0.4327078785574367	0.6843403440129969	0.7885990940380421	0.27827333545715194	0.20708333333333326	0.6612903225806452	0.7104578563995838	1.0	0.419375	
springBoot	19	0.7307484365604878	0.7613952085876373	0.7553022554093908	0.6913006731148923	0.7582168867984548	0.7680950145766087	0.7126414631998117	0.6854949794055095	0.6739744281910292	1.0	1.0	1.0	1.0	1.0	1.0	0.7303718809496405	0.4325958466724833	0.6840739316074576	0.7888403589590136	0.2779547626632686	0.20708333333333326	0.6612903225806452	0.7104578563995838	1.0	0.419375	
springBoot	1	0.7282364950167804	0.7608263764560725	0.7540576968268109	0.6875152294160358	0.7538333914083938	0.7699507914337298	0.7146332780909274	0.6764892307664045	0.6707342392227574	1.0	1.0	1.0	1.0	1.0	1.0	0.8189358547291217	0.5049895442755775	0.730186580518188	0.7902595379277468	0.3061484549219496	0.09041666666666669	0.5833333333333333	0.7043010752688171	1.0	0.416675	
springBoot	2	0.7275220915105478	0.762823617202482	0.7536279906847781	0.6824376888364191	0.7566729015621292	0.7691121649568967	0.7129439455597959	0.6728298057152976	0.6649948845909925	1.0	1.0	1.0	1.0	1.0	1.0	0.8058230065211642	0.490755672038539	0.718617917162236	0.7962872425175744	0.30805989168524994	2.0833333333331044E-4	0.6111111111111112	0.6944444444444444	1.0	0.472225	
springBoot	3	0.7216396768144581	0.7554160164022186	0.745615119680737	0.6748738920446851	0.7535227746878308	0.7607583523196692	0.7027536581521799	0.6720777465407151	0.6588502453465985	1.0	1.0	1.0	1.0	1.0	1.0	0.6751745831569358	0.4344240033405872	0.6738909581655361	0.773161643526275	0.3067856005097165	0.05312499999999995	0.6363636363636364	0.7214076246334311	1.0	0.477275	
springBoot	4	0.7059513762767214	0.7407402120798892	0.7303804342610829	0.6567754303405764	0.7385695690844445	0.7478069735992471	0.6859047940027891	0.6543299566918952	0.642609273574516	1.0	1.0	1.0	1.0	1.0	1.0	0.6472722117375013	0.4385606958198527	0.6557406456082633	0.7552527951076211	0.29866199426568973	0.02583333333333327	0.5588235294117647	0.6669829222011385	1.0	0.4853	
springBoot	5	0.706851361511118	0.7413518793506765	0.7315784239114104	0.6588274365132583	0.7390857455366715	0.7489744576191127	0.6875192204157763	0.6544743205235558	0.644269725614442	1.0	1.0	1.0	1.0	1.0	1.0	0.6727396427335016	0.43750657762960904	0.6616718903886443	0.7599824199445206	0.3037591589678241	0.02583333333333327	0.5588235294117647	0.6674573055028463	1.0	0.4706	
springBoot	6	0.7066842144122712	0.7410519890856874	0.7313627224121961	0.6587545451732579	0.7391129307219801	0.7487337785103462	0.6872473184499103	0.6542977536317001	0.6442480366721486	1.0	1.0	1.0	1.0	1.0	1.0	0.6711409267030228	0.43529479662817977	0.6593516080725002	0.7598694211892639	0.3077413188913666	0.02583333333333327	0.5588235294117647	0.6669829222011385	1.0	0.4706	
springBoot	7	0.7180225639496461	0.7495907731413878	0.7432205260660462	0.677579292086455	0.7471045781482463	0.7579179714643303	0.7013030225983362	0.6677931782227445	0.6597193952297744	1.0	1.0	1.0	1.0	1.0	1.0	0.7233717649061295	0.4356920005839238	0.6876446930819216	0.7918958890818825	0.2827333545715196	0.11874999999999991	0.6212121212121212	0.7289833822091885	1.0	0.35607500000000003	
springBoot	8	0.7197201860104726	0.751219246620437	0.744758672493824	0.6792667005459692	0.7486935936037065	0.7592095530018387	0.7027455663222247	0.6700794274972929	0.6617038908128059	1.0	1.0	1.0	1.0	1.0	1.0	0.7197738328879033	0.43309320034356447	0.6858014006691673	0.7938471676569685	0.2844855049378783	0.12958333333333322	0.6212121212121212	0.7287390029325511	1.0	0.371225	
springBoot	9	0.719782987366262	0.7512908301466916	0.7448067017581672	0.6793169144240625	0.748729325823471	0.7592888061046285	0.7028282162891096	0.6701408901869714	0.6617674096252081	1.0	1.0	1.0	1.0	1.0	1.0	0.7201284396515624	0.43338346477276196	0.686415823171963	0.7937977190065069	0.2843262185409366	0.12958333333333322	0.6212121212121212	0.7287390029325511	1.0	0.371225	
elasticsearch	0	0.658940828661552	0.6822102491897657	0.6778514786011167	0.6147523428831603	0.7109206868571567	0.7058062771758259	0.6421094768465874	0.5924596060313921	0.5973484795135857	1.0	1.0	1.0	1.0	1.0	1.0	0.6737357237292136	0.06721913097206333	0.6642128950991297	0.6500112439316659	0.6139302849405714	0.17624999999999996	0.7266811279826464	0.7794591001329507	0.44881000000000004	0.0	
elasticsearch	10	0.6434334309038731	0.6653250148154315	0.6624506224263391	0.5979536834389885	0.6985706634076773	0.6879357308196122	0.6196610858106926	0.5835899937649888	0.5804164113923651	1.0	1.0	1.0	1.0	1.0	1.0	0.5409423449599928	0.0	0.5699926510614871	0.6051545091914983	0.5716579516640319	0.24958333333333332	0.7562076749435666	0.7422813660525739	0.468515	0.0	
elasticsearch	11	0.6432899042729734	0.6651582923407329	0.6622548944362436	0.5977932392226605	0.6984767466069491	0.6877704775986533	0.6194605409142866	0.5834752008813155	0.5803142476259786	1.0	1.0	1.0	1.0	1.0	1.0	0.5386103185715507	0.0	0.5695133893084486	0.6052636628178717	0.5719390568400028	0.24999999999999994	0.7556306306306306	0.7417538506248182	0.46892	0.0	
elasticsearch	12	0.6378832999257227	0.6594214511215577	0.6568243279370676	0.5912608254711932	0.6942568359535212	0.6819469909988604	0.6125210439390438	0.5795734254595322	0.5738791433023871	1.0	1.0	1.0	1.0	1.0	1.0	0.49076917358941313	0.0	0.5427604522926408	0.5862408550734001	0.5728390892151476	0.25020833333333325	0.7562076749435666	0.740697589747324	0.46602999999999994	0.0	
elasticsearch	13	0.6358647893093683	0.6573904166171293	0.6551857984154803	0.5890248510374456	0.6923058098435997	0.6798828464041656	0.6100824920125029	0.5781134150739331	0.5713984840450184	1.0	1.0	1.0	1.0	1.0	1.0	0.48227056792820017	0.0	0.5324813395647812	0.5791374199201875	0.5674284701105985	0.2543749999999999	0.7551020408163265	0.7391558774047252	0.46327	0.0	
elasticsearch	14	0.6353338983538911	0.6568462595047471	0.6547404064958893	0.5884089510217777	0.6919978893310688	0.6793178152406537	0.6094677025483747	0.5775349433129238	0.5706914840469365	1.0	1.0	1.0	1.0	1.0	1.0	0.48004939047144035	0.0	0.5291392001685189	0.5777593141577371	0.5694709760683709	0.25166666666666665	0.7557339449541285	0.7390870079905297	0.46147000000000005	0.0	
elasticsearch	15	0.6364356140837562	0.6577147352230043	0.6557100365262106	0.5901978577127189	0.6926691605626175	0.6802239231957291	0.6104020220725707	0.579056818913011	0.5727044988457564	1.0	1.0	1.0	1.0	1.0	1.0	0.48021742957498176	0.0	0.529026570912839	0.5826101169446412	0.5670056108539367	0.25145833333333334	0.7517321016166282	0.7392907695746114	0.48418500000000003	0.0	
elasticsearch	16	0.6345864096947315	0.6558810826542814	0.6540866057778124	0.5879322685497194	0.6908353071734392	0.6784253086667468	0.6080960489233519	0.5778969812598479	0.5702951726062447	1.0	1.0	1.0	1.0	1.0	1.0	0.4723120421857378	0.0	0.5215551650974903	0.5727254316406687	0.5607935931242166	0.25541666666666657	0.7534246575342466	0.7361724849020479	0.48196500000000003	0.0	
elasticsearch	17	0.6317327621906582	0.6530565745656577	0.6515719950114305	0.5844858774344509	0.6883809435506812	0.6755799811832712	0.6047627576129344	0.5754793954528894	0.5666305100281953	1.0	1.0	1.0	1.0	1.0	1.0	0.4576370557790269	0.0	0.5089636741005312	0.5627979087949853	0.5594028020238477	0.2504166666666667	0.7516778523489933	0.7391931875586354	0.47796500000000003	0.0	
elasticsearch	18	0.6319469055866065	0.6534813753869817	0.6516763988058336	0.5844376373060794	0.6884165117046451	0.6759612226877837	0.6050413726682448	0.5756648937918938	0.5666381906347584	1.0	1.0	1.0	1.0	1.0	1.0	0.46006240219842104	0.0	0.514511882183792	0.5624596000828568	0.5533953501983223	0.25312499999999993	0.753968253968254	0.7358825250530323	0.4759650000000001	0.0	
elasticsearch	19	0.6319014103168492	0.6534318765478168	0.6516346568235796	0.5843899257010442	0.6883867054827845	0.6759054462288848	0.604981463617338	0.5756284594563525	0.5665866015551755	1.0	1.0	1.0	1.0	1.0	1.0	0.4595881926127173	0.0	0.5141670018618292	0.5624205456341658	0.5534266005300275	0.25312499999999993	0.753968253968254	0.7358825250530323	0.4759650000000001	0.0	
elasticsearch	1	0.6596075026543724	0.6826170108270317	0.6783344338632135	0.6158045238981729	0.7114534850919755	0.7062635894942667	0.6425492647618405	0.5935804921826658	0.5985734794898827	1.0	1.0	1.0	1.0	1.0	1.0	0.6717415884382018	0.06743131257235398	0.663420668909027	0.6508627691914335	0.6138942405041289	0.18374999999999994	0.7279411764705883	0.7748373542965574	0.45619999999999994	0.0	
elasticsearch	2	0.6594783089041999	0.6824462749578077	0.6781568780088293	0.6157008413268406	0.711316725050205	0.7060934094377955	0.6423333338593471	0.5935742554296181	0.598525102409095	1.0	1.0	1.0	1.0	1.0	1.0	0.6698861912796623	0.06500056015942482	0.6631177413652425	0.6509544910618277	0.6126538380593183	0.1893749999999999	0.7279260780287474	0.7738954759223686	0.454005	0.0	
elasticsearch	3	0.659153786829575	0.6822173897250764	0.6779233341468724	0.6152081901395005	0.711019199977676	0.7057017736042799	0.6419018478995727	0.5934260367397254	0.5978793787606855	1.0	1.0	1.0	1.0	1.0	1.0	0.667068582742989	0.062089428603437705	0.6616607324548733	0.6498737212269341	0.6079823121079782	0.19333333333333325	0.7309278350515465	0.7756069171932157	0.45	0.0	
elasticsearch	4	0.6479350133666324	0.6695227972385479	0.6669691293070246	0.6037405477011525	0.7017350097813734	0.6928681648403447	0.6255294801935194	0.5874550947299586	0.5864055638377247	1.0	1.0	1.0	1.0	1.0	1.0	0.5818761461817064	0.010325605396541945	0.5885685853342202	0.6117157754441351	0.5845838791831144	0.24833333333333335	0.7476744186046511	0.7463803450862714	0.47418999999999994	0.0	
elasticsearch	5	0.6456403728303063	0.6673780067416858	0.6645108392093773	0.600831382863864	0.7001991509366413	0.6906502761016239	0.6227337051828007	0.5849022217517224	0.5836552326791785	1.0	1.0	1.0	1.0	1.0	1.0	0.5683733377503085	6.297549896625524E-4	0.5832657305451371	0.6099003393491403	0.5846102468149388	0.24187499999999992	0.7471264367816092	0.7439747868001483	0.472875	0.0	
elasticsearch	6	0.6440000236326308	0.6659423253871879	0.6630958369591478	0.5988112925924638	0.6989510791426159	0.6889873915701258	0.6210379943621963	0.5829640711138089	0.581450056850491	1.0	1.0	1.0	1.0	1.0	1.0	0.5587955348388566	0.0	0.5778183673344399	0.6106676272911913	0.5831132296525805	0.23833333333333329	0.7435897435897436	0.7481389578163773	0.46445500000000006	0.0	
elasticsearch	7	0.6424694108269179	0.6646478668397902	0.6617140211458468	0.5967740589989912	0.6975224655165584	0.6875561283448782	0.6192553700386523	0.5815960889794122	0.5793022240113601	1.0	1.0	1.0	1.0	1.0	1.0	0.5507175724726296	0.0	0.5739791372663092	0.6066793007371067	0.5762509381708141	0.23312499999999994	0.7429906542056075	0.7491144106119989	0.466125	0.0	
elasticsearch	8	0.6419791229478099	0.6640356527324126	0.6610789985085562	0.59619043788106	0.6973071381029305	0.6867793790020065	0.6183711068706461	0.5815411372872953	0.5787738946156725	1.0	1.0	1.0	1.0	1.0	1.0	0.5380541460981425	0.0	0.5691508520789718	0.6056603945026287	0.575180035939193	0.23791666666666667	0.7459770114942529	0.7472747497219134	0.466785	0.0	
elasticsearch	9	0.6432012766080604	0.6650157995123344	0.6620467462994754	0.5977030258785236	0.6983487558890438	0.6876775738055574	0.6192621323823446	0.5835469862674777	0.5803698532668021	1.0	1.0	1.0	1.0	1.0	1.0	0.5356397344808165	0.0	0.5695861418683503	0.6047691030404018	0.5714866373507218	0.250625	0.7545045045045045	0.7409183376925312	0.47264	0.0	
commons-lang	0	0.6455044968296036	0.6546120193880753	0.6712791561219174	0.6041691648754142	0.6848717607698726	0.6803858571910024	0.6128509340173988	0.6321867426288419	0.5829036765364078	1.0	1.0	1.0	1.0	1.0	1.0	0.15742783444344502	0.907872956874154	0.26338681693010524	0.23240172523007774	0.5916562067718414	0.0833333333333332	0.75	0.6693548387096774	1.0	0.0	
commons-lang	10	0.6281711339092289	0.6298544672763433	0.6574290685614478	0.5849406878649075	0.6645517277785045	0.6582414641534374	0.5807142968245707	0.6426326400879067	0.5679553595432557	1.0	1.0	1.0	1.0	1.0	1.0	0.0	0.6847808494573284	0.0	0.0	0.6384881973190516	0.3572916666666666	0.6785714285714286	0.755184331797235	1.0	0.25	
commons-lang	11	0.6319859297513111	0.631011554127301	0.6590854005469516	0.5911638873861608	0.670070005046618	0.6610453881779158	0.5838460351855761	0.6468791867065704	0.5756200459958961	1.0	1.0	1.0	1.0	1.0	1.0	0.0	0.6636379653765192	0.0	0.0	0.7019567487614982	0.3847916666666667	0.7	0.7370967741935484	1.0	0.23335	
commons-lang	12	0.6307096534861174	0.6302131382287792	0.6574147453535684	0.5888637387356026	0.6695715747813838	0.6600699171334428	0.58180523941632	0.6451181646401358	0.5739125167549809	1.0	1.0	1.0	1.0	1.0	1.0	0.0	0.6196672370276493	0.0	0.0	0.7008626137472136	0.38062500000000005	0.7	0.7408602150537635	1.0	0.25	
commons-lang	13	0.6306731666776869	0.6301881848973061	0.6573836356862098	0.5888159963121069	0.6695343636116892	0.6600396238327035	0.5817636034718747	0.645077937916414	0.5738604833090079	1.0	1.0	1.0	1.0	1.0	1.0	0.0	0.6193805153787966	0.0	0.0	0.7005129215149917	0.38062500000000005	0.7	0.7408602150537635	1.0	0.25	
commons-lang	14	0.6253977367025682	0.6265268948870021	0.6526921326019213	0.5816736200497722	0.6648726163740978	0.6557526543134093	0.5759641927568859	0.638429056449677	0.5662023949116278	1.0	1.0	1.0	1.0	1.0	1.0	0.0	0.583499415875951	0.0	0.0	0.6670103995995765	0.3583333333333333	0.7	0.7424731182795699	1.0	0.25	
commons-lang	15	0.6267581657601129	0.6273245553600074	0.6531618521056946	0.5832406584514161	0.6665876820012377	0.6568554557319293	0.5765221397031818	0.6403879008667023	0.5688798879780682	1.0	1.0	1.0	1.0	1.0	1.0	0.0	0.5454576023429796	0.0	0.0	0.6809161434936105	0.38062500000000005	0.7	0.7424731182795699	1.0	0.266675	
commons-lang	16	0.6282905010092762	0.6289779864886025	0.6532421938676048	0.5838037757877743	0.6703642496383789	0.6579722024060413	0.5761063955078651	0.6415768203203415	0.5704731499127684	1.0	1.0	1.0	1.0	1.0	1.0	0.0	0.5267460053456381	0.0	0.0	0.6907705413160199	0.39479166666666665	0.7352941176470589	0.6665085388994305	1.0	0.29412499999999997	
commons-lang	17	0.6283128099375779	0.629003825444725	0.653274374364753	0.5838279006394274	0.6703724873009721	0.6579908278677701	0.5761376886405	0.6416077505431668	0.5704870536103028	1.0	1.0	1.0	1.0	1.0	1.0	0.0	0.5273096250274506	0.0	0.0	0.690598212846999	0.39479166666666665	0.7352941176470589	0.6665085388994305	1.0	0.29412499999999997	
commons-lang	18	0.6273165881175432	0.6285280042316007	0.6526805149110169	0.5824259798565332	0.6690746298419566	0.6571657191008153	0.575114207084785	0.6406324307554823	0.5687185327531762	1.0	1.0	1.0	1.0	1.0	1.0	0.0	0.5270219005732545	0.0	0.0	0.6735517195080281	0.39479166666666665	0.7352941176470589	0.6665085388994305	1.0	0.29412499999999997	
commons-lang	19	0.6274022111234465	0.6285546131040283	0.6527137890758598	0.58255331156036	0.6692057737065265	0.6572364957305324	0.5751942938004986	0.6407077047379792	0.5688947150029436	1.0	1.0	1.0	1.0	1.0	1.0	0.0	0.5265223605295246	0.0	0.0	0.6755381635374121	0.39479166666666665	0.7352941176470589	0.6665085388994305	1.0	0.29412499999999997	
commons-lang	1	0.6454478947631435	0.6452951859202383	0.660112294539813	0.6055203000878953	0.6850442936454926	0.6793951500862363	0.6054723294958874	0.6456760592818473	0.5961288891962239	1.0	1.0	1.0	1.0	1.0	1.0	0.01735904916498134	0.8277722071106335	0.2768770991515846	0.12363879911721153	0.7168809505192335	0.33333333333333337	0.75	0.575268817204301	1.0	0.0	
commons-lang	2	0.6256728829670755	0.6226370557887114	0.6453893856670089	0.5858294409214173	0.6665680753213507	0.6595089942499625	0.5811621443060321	0.632734151454182	0.5733073149926622	1.0	1.0	1.0	1.0	1.0	1.0	0.0	0.7990954561668908	0.1356005496925224	0.0	0.7509962440429211	0.3229166666666667	0.75	0.5860215053763442	1.0	0.0	
commons-lang	3	0.6411011093281682	0.6354623225801697	0.663273176264533	0.6069839997021109	0.6775619078641064	0.6693844183808569	0.5954190594720818	0.6583262374714655	0.5904050618151521	1.0	1.0	1.0	1.0	1.0	1.0	0.0	0.7852414268258368	0.09407249998673517	0.0	0.6893764025024528	0.4931250000000001	0.8333333333333334	0.6568100358422939	1.0	0.0	
commons-lang	4	0.63742472311015	0.6314782630514671	0.6615518855516966	0.6044939786628045	0.6747541704775111	0.664882950791446	0.590902922307577	0.6548206171631489	0.5862368074999716	1.0	1.0	1.0	1.0	1.0	1.0	0.0	0.774626553729935	0.052789848728438026	0.0	0.6888839886262543	0.4931250000000001	0.8333333333333334	0.6559139784946236	1.0	0.0	
commons-lang	5	0.6761820116090117	0.6590588642581126	0.6986199994164639	0.6602048073420372	0.703216935319053	0.6926778096689672	0.6263040838275244	0.7167136181225111	0.6419980124123917	1.0	1.0	1.0	1.0	1.0	1.0	0.0	0.7732391301510732	0.015826210145965573	0.0	0.6745826293740076	1.0	0.9444444444444444	0.6559139784946236	1.0	0.0	
commons-lang	6	0.6741101811626078	0.6567568662290637	0.6969953529039681	0.6585366539425046	0.7019051930866355	0.6903986017055888	0.6236391179571517	0.7144492545225435	0.6399985392303372	1.0	1.0	1.0	1.0	1.0	1.0	0.0	0.7518265955518433	0.0	0.0	0.6797650640261272	1.0	0.9444444444444444	0.6559139784946236	1.0	0.0	
commons-lang	7	0.6710121482426132	0.6537536985907271	0.6932540442206132	0.6549063399731272	0.6999587345001125	0.6878178072926047	0.6196161223304768	0.7105042307325866	0.6370774363992694	1.0	1.0	1.0	1.0	1.0	1.0	0.0	0.6950269037518989	0.0	0.0	0.6823463858053975	1.0	0.9444444444444444	0.6559139784946236	1.0	0.0	
commons-lang	8	0.6264253878567757	0.6298476681680362	0.6574168573195762	0.5820880784007478	0.6611430685632016	0.6568036517063154	0.579376879315468	0.641418596711769	0.5634564628480664	1.0	1.0	1.0	1.0	1.0	1.0	0.0	0.714624641913586	0.0	0.0	0.5784382610156915	0.3572916666666666	0.6785714285714286	0.755184331797235	1.0	0.25	
commons-lang	9	0.6262965913788541	0.6291221114610812	0.6565143011299754	0.5822247379647147	0.6618860760478472	0.6566904892206074	0.5788783409839392	0.6408949888615245	0.5643517703235779	1.0	1.0	1.0	1.0	1.0	1.0	0.0	0.6902199222812408	0.0	0.0	0.6004656175029099	0.3572916666666666	0.6785714285714286	0.755184331797235	1.0	0.25	
netty	0	0.6140176076844042	0.6335155015440702	0.6397460427837285	0.5612146423827791	0.6599699203999055	0.6584741800824436	0.5840706692775715	0.5793875193796443	0.5413690247214779	1.0	1.0	1.0	1.0	1.0	1.0	0.24232420936170693	0.44888969612199936	0.3663361083255071	0.32284114246059126	0.49585855367951565	0.0	0.6526717557251909	0.8243659197242056	0.7875318066157762	0.0	
netty	10	0.5978741892819281	0.6191969835645121	0.6251341400760475	0.5405870400055859	0.6473412895843831	0.6430076785740046	0.5661360371971239	0.5620320957530304	0.5191465222326802	1.0	1.0	1.0	1.0	1.0	1.0	0.19374721974304743	0.3893770008724908	0.3308833282927166	0.29687998031075125	0.45985982797069125	0.057083333333333305	0.6680555555555556	0.802396953405018	0.6453703703703704	0.0	
netty	11	0.5965511379514761	0.6181965205803724	0.6240418909903765	0.5387741131550147	0.6462930483408243	0.6418344588697991	0.5649013214192343	0.5602678135192236	0.5171074523516075	1.0	1.0	1.0	1.0	1.0	1.0	0.19144876337986994	0.38654734705101523	0.3295873591943502	0.2966399167241609	0.45667410003185727	0.05520833333333328	0.6671270718232044	0.8049367314204244	0.6325966850828729	0.0	
netty	12	0.5962123148654657	0.617882641828401	0.623667211774062	0.5383465448937244	0.6460293855281765	0.6415357372722549	0.5645090834435424	0.5598780271934982	0.5167354584237193	1.0	1.0	1.0	1.0	1.0	1.0	0.18964579630126477	0.38643531516606183	0.3292743103640387	0.29638169706799655	0.45667410003185727	0.05395833333333319	0.6662049861495845	0.8037262085604506	0.6329639889196677	0.0	
netty	13	0.5960686425348838	0.6177396683843857	0.6235105617898579	0.5381598088263867	0.6459560780947844	0.6413813765649483	0.5643420321937807	0.5597125473030539	0.5165556639404689	1.0	1.0	1.0	1.0	1.0	1.0	0.18828646738913107	0.3863130985642944	0.3287782075566804	0.2963110901307641	0.4571519592226823	0.05374999999999988	0.6662049861495845	0.8036815298007329	0.6320406278855033	0.0	
netty	14	0.5958743333966167	0.617403211359909	0.6231875576844557	0.5379949511474049	0.6459350634616551	0.6411426563446707	0.5640147215462639	0.5595743669689479	0.5165280815328078	1.0	1.0	1.0	1.0	1.0	1.0	0.18523152395330847	0.3846003686867487	0.3270922538985191	0.2953992519699336	0.4612934055431666	0.05250000000000001	0.6657458563535912	0.803577793619676	0.6339779005524862	0.0	
netty	15	0.5955882807783726	0.6171864817675189	0.6229475981123901	0.5376260608004328	0.6456943193903205	0.6408869211596614	0.563745154502691	0.5591893761797899	0.5161213532015577	1.0	1.0	1.0	1.0	1.0	1.0	0.18477900887541818	0.384136964071714	0.3269609325671596	0.295732113245458	0.4601784007645746	0.05333333333333326	0.6652892561983471	0.803141384519684	0.6308539944903582	0.0	
netty	16	0.5956059834265139	0.6172057018732705	0.622973537440616	0.5376579934965947	0.6457126453128974	0.6409023926813525	0.5637681751270519	0.5591923830142481	0.5161448240295958	1.0	1.0	1.0	1.0	1.0	1.0	0.1851083256967007	0.3837278779463537	0.32694634130811967	0.29594393405715536	0.4601784007645746	0.05333333333333326	0.6652892561983471	0.8033635474984453	0.6308539944903582	0.0	
netty	17	0.5970577518667077	0.6183572007387534	0.6241327052928922	0.5396927452430879	0.6468440185430661	0.6421218626625599	0.5649568815817931	0.561216432159599	0.5184570201752692	1.0	1.0	1.0	1.0	1.0	1.0	0.18449308106976245	0.38311679493751677	0.3274212204659652	0.2983425525819949	0.4601784007645746	0.04999999999999983	0.6657681940700808	0.8039953047561084	0.65633423180593	0.0	
netty	18	0.5959210172480474	0.6171393592360586	0.6225170728754041	0.538061217419553	0.6464141729912881	0.6407319059308726	0.5632978611505106	0.5602982827220929	0.5171482195597433	1.0	1.0	1.0	1.0	1.0	1.0	0.16295723767772702	0.37863721699218156	0.32355453682037894	0.2974670265603125	0.46256769671870024	0.05104166666666661	0.6684636118598383	0.8041909399182682	0.6540880503144655	0.0	
netty	19	0.5956171608374208	0.6167926274990285	0.6221180738525401	0.5377374012111499	0.6463405395598536	0.640340283814976	0.5628501689925398	0.5599586364817261	0.5168950474171565	1.0	1.0	1.0	1.0	1.0	1.0	0.15834746587408294	0.3755733146839852	0.321781035607978	0.2985684947811387	0.4640012742911754	0.0508333333333333	0.6684636118598383	0.8044083123206679	0.6545372866127583	0.0	
netty	1	0.6039284980159341	0.6246146086040522	0.6318725941237242	0.5490288734950652	0.6518251366047996	0.6491091593416086	0.5734404401983669	0.5678459052425067	0.5270761680053273	1.0	1.0	1.0	1.0	1.0	1.0	0.2530141677165481	0.40685227747242486	0.3403344847163194	0.3029481422306144	0.4740363172985027	0.056666666666666685	0.6691842900302114	0.794635025825943	0.6641490433031219	0.0	
netty	2	0.6022814496834829	0.6232520462654102	0.6304223434047865	0.5468556375036544	0.6506347590029916	0.647713856970021	0.5719408122814893	0.5654779896754503	0.5247510689928578	1.0	1.0	1.0	1.0	1.0	1.0	0.2525579193581545	0.4018532789695783	0.33915126625598907	0.302353026616798	0.4756291812679197	0.05354166666666657	0.6666666666666667	0.7963709677419354	0.646825396825397	0.0	
netty	3	0.6020356661233496	0.6229903616232854	0.6301519479769689	0.5466393082684864	0.6503943888607252	0.6475001715527257	0.5716393638636598	0.5652107501336139	0.5246165682496946	1.0	1.0	1.0	1.0	1.0	1.0	0.2514157429286275	0.40042232625721846	0.33849068016490774	0.3027524601474273	0.47594775406180306	0.05104166666666661	0.6642011834319527	0.7971941210154609	0.6508875739644971	0.0	
netty	4	0.6009722937184856	0.6220254409903699	0.6291298003603975	0.5453550283633266	0.6496015627075573	0.6465078164686044	0.5705057613800573	0.5638863717270866	0.5233376000095923	1.0	1.0	1.0	1.0	1.0	1.0	0.24761783519176037	0.3960208311407901	0.33643596559646416	0.30306313067125007	0.47610704045874475	0.04979166666666652	0.6617210682492581	0.7981477936249641	0.645895153313551	0.0	
netty	5	0.5988906333177811	0.6193082370503487	0.6260640130349038	0.5425034901689492	0.6486132537428864	0.6439193267375022	0.5672816440584187	0.5630786185662479	0.5212735849528012	1.0	1.0	1.0	1.0	1.0	1.0	0.20643041803947687	0.39503121615703474	0.32610668067427534	0.291112402209392	0.4875756610385472	0.06124999999999998	0.6676557863501484	0.7936488944194507	0.638971315529179	0.0	
netty	6	0.6012294003242378	0.6219878740538127	0.6282398067368636	0.5451413813054524	0.6498733442205683	0.6459816890444648	0.5696922985002428	0.5661131368686153	0.5239316126604103	1.0	1.0	1.0	1.0	1.0	1.0	0.20345200685397116	0.4006379027631137	0.33638953886315526	0.30175791100298166	0.46256769671870024	0.07520833333333317	0.6695402298850575	0.7946792732665927	0.6556513409961686	0.0	
netty	7	0.6007117130728138	0.6216051307555973	0.6279316352120651	0.5445241331239467	0.6492423466165372	0.6455228220663318	0.5692198158240724	0.5655965227397949	0.5231589590134635	1.0	1.0	1.0	1.0	1.0	1.0	0.20383678363117444	0.39933595646373055	0.33548355432458393	0.3013927722704367	0.4579483912073909	0.07812499999999997	0.6680911680911681	0.7966639095671355	0.650997150997151	0.0	
netty	8	0.5998432570868637	0.6208394302508986	0.6270933068206599	0.5433377753548099	0.64862679011359	0.6447011141640321	0.568201586901593	0.5646749364513479	0.5219220568666909	1.0	1.0	1.0	1.0	1.0	1.0	0.19953463414099953	0.39694424546525486	0.3330136521125491	0.2991615930538913	0.4574705320165657	0.07270833333333321	0.6690140845070423	0.7980690595184008	0.6507042253521127	0.0	
netty	9	0.5990992559614869	0.620152067445823	0.626335472871258	0.5423064305561356	0.6481305566202784	0.6440521430042742	0.5674160934863668	0.563771570336908	0.520906523830817	1.0	1.0	1.0	1.0	1.0	1.0	0.19703984870424468	0.3921472438458849	0.3318224747836514	0.2971462693311708	0.45985982797069125	0.0677083333333333	0.6685236768802229	0.8025429059214666	0.6476323119777159	0.0	
glide	0	0.7110288004427494	0.7444894166229834	0.7379896943665107	0.6654639922074628	0.7359704314020538	0.7551748503712746	0.6961131449114947	0.6631282548067892	0.646832736538923	1.0	1.0	1.0	1.0	1.0	1.0	0.7666391298381325	0.471849442726245	0.7155106109658526	0.6991742667716468	0.2427524689391526	0.06624999999999989	0.6086956521739131	0.7778751753155679	0.9746376811594203	0.34785	
glide	10	0.7074910523989305	0.7378778109718086	0.731480287877115	0.6607641353365278	0.7338143913881479	0.7481716336740006	0.687071654758181	0.6694216581574496	0.6441624901020921	1.0	1.0	1.0	1.0	1.0	1.0	0.6062916616383898	0.42111597337036044	0.6627829258775757	0.647946617269241	0.24020388658808528	0.156875	0.65	0.823225806451613	0.9966666666666667	0.35	
glide	11	0.705673350179473	0.7359056485068518	0.7295473725853048	0.6588859518716051	0.7327047875449819	0.7463918365849657	0.6847005049724157	0.6673934617094982	0.6424766536415575	1.0	1.0	1.0	1.0	1.0	1.0	0.6012379178302945	0.4163461309958277	0.6556922597992083	0.6455967158680189	0.24561962408410307	0.156875	0.65	0.8067741935483872	0.9966666666666667	0.35	
glide	12	0.6999102246011542	0.7304809859122531	0.7235353055403081	0.6516932096102224	0.727846144329146	0.7410376002856324	0.6784683318613499	0.6612737107637121	0.6356876212956836	1.0	1.0	1.0	1.0	1.0	1.0	0.5656192810535958	0.41558567214038616	0.6498712751640073	0.6398994066196285	0.23972602739726023	0.15937499999999996	0.6372549019607843	0.8036053130929792	0.9738562091503268	0.34315	
glide	13	0.6893599623835774	0.720416974857781	0.7131487220003273	0.6392594987179091	0.7189755117737643	0.7316015520581899	0.6669343993456923	0.6496686155498284	0.6233881124381278	1.0	1.0	1.0	1.0	1.0	1.0	0.5284302017695515	0.41451118451651453	0.6322816997088567	0.6230719182134966	0.23558458107677593	0.12395833333333336	0.6203703703703703	0.7907706093189963	0.9722222222222222	0.324075	
glide	14	0.6878354477116388	0.7192734708378823	0.7118904063476462	0.6372956665056266	0.7177187825574102	0.7302882061998752	0.6653659113386166	0.6476639401190383	0.621179294076108	1.0	1.0	1.0	1.0	1.0	1.0	0.5293111973252709	0.4055520286258441	0.6308433532876412	0.6233161869833799	0.2292131251991079	0.12270833333333327	0.6203703703703703	0.7907706093189963	0.9629629629629629	0.324075	
glide	15	0.686906737791145	0.7186379483281811	0.7114996627412989	0.6361079146805656	0.7169742350558843	0.729425211593407	0.665098982894306	0.6460334621186703	0.6192453280922308	1.0	1.0	1.0	1.0	1.0	1.0	0.5314771888935532	0.40614443965385544	0.6311747541947685	0.6248638330425746	0.22714240203886582	0.12499999999999992	0.6226415094339622	0.8050821667681072	0.9339622641509434	0.31605	
glide	16	0.6873654385791276	0.7191171955856603	0.7120172252650648	0.6367404698784948	0.7174330611948402	0.7297855475252245	0.6656680594929792	0.6463301213989372	0.6197846651293352	1.0	1.0	1.0	1.0	1.0	1.0	0.5330877875714044	0.4055061974001813	0.6314818269435525	0.6285650034968362	0.22714240203886582	0.12499999999999992	0.6226415094339622	0.8073645769933049	0.9339622641509434	0.31605	
glide	17	0.6873654385791276	0.7191171955856603	0.7120172252650648	0.6367404698784948	0.7174330611948402	0.7297855475252245	0.6656680594929792	0.6463301213989372	0.6197846651293352	1.0	1.0	1.0	1.0	1.0	1.0	0.5330877875714044	0.4055061974001813	0.6314818269435525	0.6285650034968362	0.22714240203886582	0.12499999999999992	0.6226415094339622	0.8073645769933049	0.9339622641509434	0.31605	
glide	18	0.6864582243987394	0.71824105499372	0.7109486903185201	0.6352926107969297	0.7168581194113982	0.7287343196330875	0.6643807610403432	0.6457927510381531	0.6185195509795312	1.0	1.0	1.0	1.0	1.0	1.0	0.5183344695003742	0.40434174477778645	0.6269421287041583	0.6250204786273246	0.2273016884358075	0.12583333333333316	0.6226415094339622	0.8088861838101035	0.9308176100628931	0.32077500000000003	
glide	19	0.6992755232754769	0.7319589700199967	0.7269461045444319	0.6524584358779485	0.7264569982298215	0.742054473748601	0.6813167529025173	0.6545703686587229	0.633027364621475	1.0	1.0	1.0	1.0	1.0	1.0	0.6772498403560543	0.40669101945620406	0.6554582001874364	0.6723517468051297	0.22746097483274919	0.11479166666666654	0.6153846153846154	0.8193238213399504	0.9326923076923077	0.33655	
glide	1	0.7127889751773505	0.7440182388980127	0.7387342392964126	0.667998785944698	0.7394000564402644	0.7552294934945827	0.6963034592455919	0.6675176399986171	0.6501016730735767	1.0	1.0	1.0	1.0	1.0	1.0	0.7386182876571201	0.47789407215532376	0.6889688906756654	0.6780359534603533	0.2921312519910798	0.11874999999999991	0.6339285714285714	0.748991935483871	0.9404761904761905	0.361625	
glide	2	0.711723480849999	0.7433764484489414	0.7379126565282511	0.6666304374348141	0.7384268627345714	0.754433181009271	0.6953887024442904	0.6658000061235602	0.648505996587552	1.0	1.0	1.0	1.0	1.0	1.0	0.7414481661905351	0.4738184879769418	0.6903908290135494	0.680984184659188	0.28528193692258674	0.11083333333333319	0.631578947368421	0.750848896434635	0.9385964912280702	0.35965	
glide	3	0.7120933613064334	0.7438651238478039	0.7384341372013465	0.6670878510249706	0.7386395133832461	0.7547926968763077	0.6959120531645018	0.6660564568863404	0.6488018209376064	1.0	1.0	1.0	1.0	1.0	1.0	0.7448600193592761	0.47584015426451065	0.6915328754531727	0.683457027313388	0.281936922586811	0.11083333333333319	0.631578947368421	0.7515563101301641	0.9385964912280702	0.35965	
glide	4	0.706602372877479	0.7379148590785112	0.7329555461007137	0.6621390990002785	0.7334791702687957	0.7497944954085819	0.6904784850549828	0.6602935832839122	0.6431893404142367	1.0	1.0	1.0	1.0	1.0	1.0	0.728122880680664	0.48025183409775296	0.6899371921698767	0.676977821210577	0.27206116597642555	0.10249999999999984	0.6355932203389831	0.7576544559868782	0.943502824858757	0.30510000000000004	
glide	5	0.7067273015526567	0.7380093542208241	0.7331096613286697	0.6623492579539514	0.7334931715369293	0.7499018491753452	0.6905726102190755	0.660556042508792	0.6433872734910898	1.0	1.0	1.0	1.0	1.0	1.0	0.7288579928428822	0.4805217290933226	0.689586230334192	0.6765952149802141	0.2709461611978336	0.10312500000000001	0.6355932203389831	0.7576544559868782	0.9463276836158192	0.30510000000000004	
glide	6	0.7068650390013205	0.7380795564660554	0.7332524452170917	0.6625771961924951	0.7335578665986826	0.7499912315514409	0.6907222900339629	0.6608138013533075	0.6436181225181536	1.0	1.0	1.0	1.0	1.0	1.0	0.7289617175384424	0.4803978150387529	0.6894988014449634	0.6764929018851555	0.2709461611978336	0.10812499999999992	0.6355932203389831	0.7576544559868782	0.943502824858757	0.30510000000000004	
glide	7	0.7015114301194422	0.7326047550126679	0.7272453365860682	0.6552399173661092	0.7292536073867177	0.7446971282971728	0.6837686191459437	0.6570679702730816	0.6370522175184979	1.0	1.0	1.0	1.0	1.0	1.0	0.6796603946808524	0.4761983168058012	0.6732460428651221	0.6511260645937866	0.27126473399171697	0.10312500000000001	0.6355932203389831	0.7561509021323127	0.943502824858757	0.30932499999999996	
glide	8	0.7198820379418235	0.7511789519369229	0.7450041234572836	0.6754981032122231	0.7444429151132972	0.760412452381109	0.7023156759930838	0.678946821655838	0.6574748730815548	1.0	1.0	1.0	1.0	1.0	1.0	0.7041594373786653	0.429114370974915	0.696980834994724	0.6896470848977633	0.23956674100031855	0.15020833333333325	0.6632653061224489	0.8258722843976302	0.9965986394557823	0.36735	
glide	9	0.710411095042	0.7401720226539691	0.733795187905229	0.6645159537791361	0.7369448982183637	0.7508156952195654	0.6904353542919828	0.6719135589392105	0.6483926220352482	1.0	1.0	1.0	1.0	1.0	1.0	0.6132486780876003	0.42634922035992795	0.6691970076512925	0.6550606013940463	0.26361898693851543	0.156875	0.65	0.823225806451613	0.9966666666666667	0.35	
mockito	0	0.6722486827641725	0.6881173430457971	0.6957159548407973	0.6382628832306924	0.7095872481317331	0.7141804998913529	0.6498742485751059	0.6323242561471283	0.6189134223967467	1.0	1.0	1.0	1.0	1.0	1.0	0.6231331582882096	0.4123061933262946	0.5322595172880651	0.5060757989993985	0.5383848658281614	0.17812499999999998	0.7196969696969697	0.7178641251221896	0.8838383838383839	0.0	
mockito	10	0.7035371432858493	0.7280252238074493	0.7165209456996049	0.6477611722177775	0.7422187417564179	0.7461246976007104	0.6814321355497447	0.6623221685125462	0.643377294961452	1.0	1.0	1.0	1.0	1.0	1.0	0.4760420871792344	0.42867133579350825	0.6659086110134569	0.5299071078569797	0.6325972039668195	0.006041666666666465	0.6071428571428572	0.8166762672811059	0.8660714285714286	0.4509	
mockito	11	0.7045680615914094	0.7290721964346659	0.7175794360587532	0.6490443619906873	0.7431267717994199	0.7468908358249468	0.6823304780529174	0.663632230095835	0.6444901829294887	1.0	1.0	1.0	1.0	1.0	1.0	0.47786612655223576	0.4288461734321477	0.666145339532896	0.5329532600842308	0.6262622780751379	0.014791666666666661	0.6140350877192983	0.8108375778155065	0.868421052631579	0.451775	
mockito	12	0.703885372838271	0.7285785112850421	0.7172655428264954	0.6482134313300849	0.7429385589213291	0.746117626862464	0.6823861988225499	0.6620430977720401	0.6428286571960157	1.0	1.0	1.0	1.0	1.0	1.0	0.47858241863812906	0.4269772778967881	0.6684895605229768	0.5372130958746801	0.6262842361507257	0.026458333333333202	0.6226415094339622	0.8231892878880097	0.8270440251572327	0.4387	
mockito	13	0.7031305998826777	0.7278031279253716	0.7164862375189937	0.64747934097795	0.7423675690394378	0.7454755889082438	0.6816346233820101	0.6610209019011343	0.6420738200792948	1.0	1.0	1.0	1.0	1.0	1.0	0.47897113610030806	0.422268543823139	0.6687152862663948	0.5374231164291163	0.6269910638567862	0.026458333333333202	0.6226415094339622	0.82288496652465	0.8238993710691824	0.433975	
mockito	14	0.6961531734898554	0.724291120612656	0.7122741067500726	0.6380224680284838	0.7326811505922632	0.7399718379297109	0.6746523820813839	0.6542442261843018	0.630547441230892	1.0	1.0	1.0	1.0	1.0	1.0	0.47948749027480425	0.4224926075930459	0.6692527482221068	0.5383458974699307	0.5132732753918527	0.007291666666666559	0.603448275862069	0.8374582869855395	0.8505747126436782	0.43535	
mockito	15	0.6967968368457218	0.7251402667447889	0.7126946354246387	0.6386175279552061	0.7337973563474038	0.7404426509810169	0.6752004111861404	0.6543378074885634	0.6311379344044484	1.0	1.0	1.0	1.0	1.0	1.0	0.47839492499507613	0.42352805380246406	0.6719739503538102	0.5461569750734377	0.5114273340905682	0.007083333333333249	0.6101694915254237	0.8247676325861126	0.8502824858757063	0.43645	
mockito	16	0.6956948122916903	0.7243339831027731	0.7118491486389747	0.637103721169511	0.7329720585250811	0.739492429297525	0.6742934824026345	0.6526874432293843	0.6293600174402251	1.0	1.0	1.0	1.0	1.0	1.0	0.4794433546030768	0.42127383648097666	0.6717476619598819	0.5464531827742692	0.5094692552565099	0.010624999999999989	0.6101694915254237	0.8243575724439585	0.8305084745762712	0.43645	
mockito	17	0.6958601464314557	0.7244594080079478	0.7119719989063356	0.6373476213026672	0.7330975481710409	0.7396391068200977	0.674450227861425	0.6528916291202128	0.6296479868140531	1.0	1.0	1.0	1.0	1.0	1.0	0.47998721061061367	0.42019425649869807	0.6723165756625615	0.5470038169698458	0.5094447250447702	0.013124999999999946	0.6101694915254237	0.823810825587753	0.8305084745762712	0.43645	
mockito	18	0.6942438468828623	0.7238672886603327	0.710878816910969	0.635561623699307	0.7319250643082019	0.73837441858202	0.6735157125556268	0.6491026607177041	0.6269447963161512	1.0	1.0	1.0	1.0	1.0	1.0	0.48977923204263035	0.41273734633808506	0.6812816524941466	0.5656741467608961	0.48821280662631417	0.011874999999999853	0.6140350877192983	0.8186191284663271	0.8099415204678363	0.421075	
mockito	19	0.693583785777739	0.7233036809357298	0.7102284556285773	0.6346021732677718	0.731596623203381	0.7378398499123606	0.6729686325522247	0.6480100769980888	0.6259599303790084	1.0	1.0	1.0	1.0	1.0	1.0	0.4896922051260098	0.4127831775637478	0.6815721844614419	0.5648661527952432	0.4920356801529149	0.010624999999999989	0.6140350877192983	0.8167798528579513	0.7982456140350878	0.421075	
mockito	1	0.6659005577261862	0.6833930146688272	0.6893176343153253	0.6292849252499246	0.7041436953295959	0.7098372495578672	0.6447914878557898	0.6221918838640601	0.6106840370666315	1.0	1.0	1.0	1.0	1.0	1.0	0.6145177466281792	0.4104406926965396	0.5469849963827071	0.5113673064408479	0.5452769005947213	0.1110416666666665	0.6764705882352942	0.7425996204933585	0.8686274509803922	0.0	
mockito	2	0.6594291401107514	0.6782343436318253	0.6831041018997207	0.6199729989604252	0.6986729770019243	0.7043480221563706	0.6388775374497264	0.6140177025540499	0.6013534600537085	1.0	1.0	1.0	1.0	1.0	1.0	0.5840075420094429	0.4092711477157378	0.5481197521560341	0.5059916422864674	0.5393071256373216	0.08854166666666666	0.65625	0.7683131720430109	0.8211805555555556	0.0	
mockito	3	0.657973504703191	0.6768107961446708	0.6813702867959164	0.6180751354587916	0.697330808722141	0.7031397950977678	0.6371777396486549	0.6126163999680801	0.5999038647369345	1.0	1.0	1.0	1.0	1.0	1.0	0.5726831246926156	0.40926945026293543	0.547278247099837	0.5025122879389105	0.5407001075771136	0.07520833333333317	0.6479591836734694	0.7716425279789336	0.8333333333333334	0.0	
mockito	4	0.7041172583425468	0.7292419983959031	0.7177116936187631	0.6483624769688637	0.7427783307798519	0.7470193709831416	0.6835815869701872	0.660765904371895	0.6433280814900675	1.0	1.0	1.0	1.0	1.0	1.0	0.49182258090475134	0.44673393106304676	0.6765562861901467	0.5454005866658929	0.6346499190809329	0.0	0.5980392156862745	0.8224225173940543	0.8333333333333334	0.4461	
mockito	5	0.7041172583425468	0.7292419983959031	0.7177116936187631	0.6483624769688637	0.7427783307798519	0.7470193709831416	0.6835815869701872	0.660765904371895	0.6433280814900675	1.0	1.0	1.0	1.0	1.0	1.0	0.49182258090475134	0.44673393106304676	0.6765562861901467	0.5454005866658929	0.6346499190809329	0.0	0.5980392156862745	0.8224225173940543	0.8333333333333334	0.4461	
mockito	6	0.7042464440028804	0.7291066654266206	0.7174901769931805	0.6484141950565528	0.7430955071646275	0.7469147518906124	0.6830808050055834	0.6617451991117616	0.6435539345074882	1.0	1.0	1.0	1.0	1.0	1.0	0.4839479308583176	0.44232904104101384	0.6733732573374296	0.5391353040343738	0.6344217429206136	0.0033333333333331987	0.607843137254902	0.8175205566097404	0.8431372549019608	0.4461	
mockito	7	0.7027020903471819	0.7280478326470075	0.7161579032378428	0.6462671465612966	0.7418071582305289	0.7456432311697095	0.6815723754398603	0.6596169176868171	0.6411932917675643	1.0	1.0	1.0	1.0	1.0	1.0	0.48419179703696985	0.4343068790972267	0.674297100736074	0.5398895846316025	0.6264317298307367	0.0033333333333331987	0.607843137254902	0.8170461733080328	0.8300653594771242	0.4461	
mockito	8	0.7034675849799596	0.7285291748583548	0.7167220831183597	0.6475574770526766	0.7420476099816994	0.7463710132580358	0.6820263337840966	0.6610156845677122	0.6429614088614073	1.0	1.0	1.0	1.0	1.0	1.0	0.4844045110638671	0.43362280561788985	0.6733364876834689	0.5402964585595706	0.6263617632981591	0.0	0.6	0.8161290322580644	0.8575757575757577	0.45	
mockito	9	0.7023329651460513	0.7270741353508046	0.7154107718770714	0.6462616320801572	0.7411924175582342	0.7452944897868934	0.6805026899583588	0.6603036000406084	0.641921590859942	1.0	1.0	1.0	1.0	1.0	1.0	0.4788990423057006	0.4284235076843689	0.6682486858160079	0.5315823332701901	0.6340733575343485	0.0	0.6	0.8153958944281523	0.8575757575757577	0.45	
