Project	Version	TQI	Functional_Suitability	Performance_Efficiency	Compatibility	Usability	Reliability	Security	Maintainability	Portability	Bad_Function	Comprehensibility	Redundancy	Structurdness	Assignment	Resource_Handling	Cohesion	Coupling	Complexity	Messaging	Encapsulation	Pattern_Structural_Integrity	Pattern_Behavioral_Integrity	Pattern_Instability	Pattern_Structural_Aberrations	Pattern_Behavioral_Aberrations	
elasticsearch	0	0.658940828661552	0.6822102491897657	0.6778514786011167	0.6147523428831603	0.7109206868571567	0.7058062771758259	0.6421094768465874	0.5924596060313921	0.5973484795135857	1.0	1.0	1.0	1.0	1.0	1.0	0.6737357237292136	0.06721913097206333	0.6642128950991297	0.6500112439316659	0.6139302849405714	0.17624999999999996	0.7266811279826464	0.7794591001329507	0.44881000000000004	0.0	
elasticsearch	10	0.6434334309038731	0.6653250148154315	0.6624506224263391	0.5979536834389885	0.6985706634076773	0.6879357308196122	0.6196610858106926	0.5835899937649888	0.5804164113923651	1.0	1.0	1.0	1.0	1.0	1.0	0.5409423449599928	0.0	0.5699926510614871	0.6051545091914983	0.5716579516640319	0.24958333333333332	0.7562076749435666	0.7422813660525739	0.468515	0.0	
elasticsearch	11	0.6432899042729734	0.6651582923407329	0.6622548944362436	0.5977932392226605	0.6984767466069491	0.6877704775986533	0.6194605409142866	0.5834752008813155	0.5803142476259786	1.0	1.0	1.0	1.0	1.0	1.0	0.5386103185715507	0.0	0.5695133893084486	0.6052636628178717	0.5719390568400028	0.24999999999999994	0.7556306306306306	0.7417538506248182	0.46892	0.0	
elasticsearch	12	0.6378832999257227	0.6594214511215577	0.6568243279370676	0.5912608254711932	0.6942568359535212	0.6819469909988604	0.6125210439390438	0.5795734254595322	0.5738791433023871	1.0	1.0	1.0	1.0	1.0	1.0	0.49076917358941313	0.0	0.5427604522926408	0.5862408550734001	0.5728390892151476	0.25020833333333325	0.7562076749435666	0.740697589747324	0.46602999999999994	0.0	
elasticsearch	13	0.6358647893093683	0.6573904166171293	0.6551857984154803	0.5890248510374456	0.6923058098435997	0.6798828464041656	0.6100824920125029	0.5781134150739331	0.5713984840450184	1.0	1.0	1.0	1.0	1.0	1.0	0.48227056792820017	0.0	0.5324813395647812	0.5791374199201875	0.5674284701105985	0.2543749999999999	0.7551020408163265	0.7391558774047252	0.46327	0.0	
elasticsearch	14	0.6353338983538911	0.6568462595047471	0.6547404064958893	0.5884089510217777	0.6919978893310688	0.6793178152406537	0.6094677025483747	0.5775349433129238	0.5706914840469365	1.0	1.0	1.0	1.0	1.0	1.0	0.48004939047144035	0.0	0.5291392001685189	0.5777593141577371	0.5694709760683709	0.25166666666666665	0.7557339449541285	0.7390870079905297	0.46147000000000005	0.0	
elasticsearch	15	0.6364356140837562	0.6577147352230043	0.6557100365262106	0.5901978577127189	0.6926691605626175	0.6802239231957291	0.6104020220725707	0.579056818913011	0.5727044988457564	1.0	1.0	1.0	1.0	1.0	1.0	0.48021742957498176	0.0	0.529026570912839	0.5826101169446412	0.5670056108539367	0.25145833333333334	0.7517321016166282	0.7392907695746114	0.48418500000000003	0.0	
elasticsearch	16	0.6345864096947315	0.6558810826542814	0.6540866057778124	0.5879322685497194	0.6908353071734392	0.6784253086667468	0.6080960489233519	0.5778969812598479	0.5702951726062447	1.0	1.0	1.0	1.0	1.0	1.0	0.4723120421857378	0.0	0.5215551650974903	0.5727254316406687	0.5607935931242166	0.25541666666666657	0.7534246575342466	0.7361724849020479	0.48196500000000003	0.0	
elasticsearch	17	0.6317327621906582	0.6530565745656577	0.6515719950114305	0.5844858774344509	0.6883809435506812	0.6755799811832712	0.6047627576129344	0.5754793954528894	0.5666305100281953	1.0	1.0	1.0	1.0	1.0	1.0	0.4576370557790269	0.0	0.5089636741005312	0.5627979087949853	0.5594028020238477	0.2504166666666667	0.7516778523489933	0.7391931875586354	0.47796500000000003	0.0	
elasticsearch	18	0.6319469055866065	0.6534813753869817	0.6516763988058336	0.5844376373060794	0.6884165117046451	0.6759612226877837	0.6050413726682448	0.5756648937918938	0.5666381906347584	1.0	1.0	1.0	1.0	1.0	1.0	0.46006240219842104	0.0	0.514511882183792	0.5624596000828568	0.5533953501983223	0.25312499999999993	0.753968253968254	0.7358825250530323	0.4759650000000001	0.0	
elasticsearch	19	0.6319014103168492	0.6534318765478168	0.6516346568235796	0.5843899257010442	0.6883867054827845	0.6759054462288848	0.604981463617338	0.5756284594563525	0.5665866015551755	1.0	1.0	1.0	1.0	1.0	1.0	0.4595881926127173	0.0	0.5141670018618292	0.5624205456341658	0.5534266005300275	0.25312499999999993	0.753968253968254	0.7358825250530323	0.4759650000000001	0.0	
elasticsearch	1	0.6596075026543724	0.6826170108270317	0.6783344338632135	0.6158045238981729	0.7114534850919755	0.7062635894942667	0.6425492647618405	0.5935804921826658	0.5985734794898827	1.0	1.0	1.0	1.0	1.0	1.0	0.6717415884382018	0.06743131257235398	0.663420668909027	0.6508627691914335	0.6138942405041289	0.18374999999999994	0.7279411764705883	0.7748373542965574	0.45619999999999994	0.0	
elasticsearch	2	0.6594783089041999	0.6824462749578077	0.6781568780088293	0.6157008413268406	0.711316725050205	0.7060934094377955	0.6423333338593471	0.5935742554296181	0.598525102409095	1.0	1.0	1.0	1.0	1.0	1.0	0.6698861912796623	0.06500056015942482	0.6631177413652425	0.6509544910618277	0.6126538380593183	0.1893749999999999	0.7279260780287474	0.7738954759223686	0.454005	0.0	
elasticsearch	3	0.659153786829575	0.6822173897250764	0.6779233341468724	0.6152081901395005	0.711019199977676	0.7057017736042799	0.6419018478995727	0.5934260367397254	0.5978793787606855	1.0	1.0	1.0	1.0	1.0	1.0	0.667068582742989	0.062089428603437705	0.6616607324548733	0.6498737212269341	0.6079823121079782	0.19333333333333325	0.7309278350515465	0.7756069171932157	0.45	0.0	
elasticsearch	4	0.6479350133666324	0.6695227972385479	0.6669691293070246	0.6037405477011525	0.7017350097813734	0.6928681648403447	0.6255294801935194	0.5874550947299586	0.5864055638377247	1.0	1.0	1.0	1.0	1.0	1.0	0.5818761461817064	0.010325605396541945	0.5885685853342202	0.6117157754441351	0.5845838791831144	0.24833333333333335	0.7476744186046511	0.7463803450862714	0.47418999999999994	0.0	
elasticsearch	5	0.6456403728303063	0.6673780067416858	0.6645108392093773	0.600831382863864	0.7001991509366413	0.6906502761016239	0.6227337051828007	0.5849022217517224	0.5836552326791785	1.0	1.0	1.0	1.0	1.0	1.0	0.5683733377503085	6.297549896625524E-4	0.5832657305451371	0.6099003393491403	0.5846102468149388	0.24187499999999992	0.7471264367816092	0.7439747868001483	0.472875	0.0	
elasticsearch	6	0.6440000236326308	0.6659423253871879	0.6630958369591478	0.5988112925924638	0.6989510791426159	0.6889873915701258	0.6210379943621963	0.5829640711138089	0.581450056850491	1.0	1.0	1.0	1.0	1.0	1.0	0.5587955348388566	0.0	0.5778183673344399	0.6106676272911913	0.5831132296525805	0.23833333333333329	0.7435897435897436	0.7481389578163773	0.46445500000000006	0.0	
elasticsearch	7	0.6424694108269179	0.6646478668397902	0.6617140211458468	0.5967740589989912	0.6975224655165584	0.6875561283448782	0.6192553700386523	0.5815960889794122	0.5793022240113601	1.0	1.0	1.0	1.0	1.0	1.0	0.5507175724726296	0.0	0.5739791372663092	0.6066793007371067	0.5762509381708141	0.23312499999999994	0.7429906542056075	0.7491144106119989	0.466125	0.0	
elasticsearch	8	0.6419791229478099	0.6640356527324126	0.6610789985085562	0.59619043788106	0.6973071381029305	0.6867793790020065	0.6183711068706461	0.5815411372872953	0.5787738946156725	1.0	1.0	1.0	1.0	1.0	1.0	0.5380541460981425	0.0	0.5691508520789718	0.6056603945026287	0.575180035939193	0.23791666666666667	0.7459770114942529	0.7472747497219134	0.466785	0.0	
elasticsearch	9	0.6432012766080604	0.6650157995123344	0.6620467462994754	0.5977030258785236	0.6983487558890438	0.6876775738055574	0.6192621323823446	0.5835469862674777	0.5803698532668021	1.0	1.0	1.0	1.0	1.0	1.0	0.5356397344808165	0.0	0.5695861418683503	0.6047691030404018	0.5714866373507218	0.250625	0.7545045045045045	0.7409183376925312	0.47264	0.0	

