Project	Version	TQI	Functional_Suitability	Performance_Efficiency	Compatibility	Usability	Reliability	Security	Maintainability	Portability	Bad_Function	Comprehensibility	Redundancy	Structurdness	Assignment	Resource_Handling	Cohesion	Coupling	Complexity	Messaging	Encapsulation	Pattern_Structural_Integrity	Pattern_Behavioral_Integrity	Pattern_Instability	Pattern_Structural_Aberrations	Pattern_Behavioral_Aberrations	
netty	0	0.6140176076844042	0.6335155015440702	0.6397460427837285	0.5612146423827791	0.6599699203999055	0.6584741800824436	0.5840706692775715	0.5793875193796443	0.5413690247214779	1.0	1.0	1.0	1.0	1.0	1.0	0.24232420936170693	0.44888969612199936	0.3663361083255071	0.32284114246059126	0.49585855367951565	0.0	0.6526717557251909	0.8243659197242056	0.7875318066157762	0.0	
netty	10	0.5978741892819281	0.6191969835645121	0.6251341400760475	0.5405870400055859	0.6473412895843831	0.6430076785740046	0.5661360371971239	0.5620320957530304	0.5191465222326802	1.0	1.0	1.0	1.0	1.0	1.0	0.19374721974304743	0.3893770008724908	0.3308833282927166	0.29687998031075125	0.45985982797069125	0.057083333333333305	0.6680555555555556	0.802396953405018	0.6453703703703704	0.0	
netty	11	0.5965511379514761	0.6181965205803724	0.6240418909903765	0.5387741131550147	0.6462930483408243	0.6418344588697991	0.5649013214192343	0.5602678135192236	0.5171074523516075	1.0	1.0	1.0	1.0	1.0	1.0	0.19144876337986994	0.38654734705101523	0.3295873591943502	0.2966399167241609	0.45667410003185727	0.05520833333333328	0.6671270718232044	0.8049367314204244	0.6325966850828729	0.0	
netty	12	0.5962123148654657	0.617882641828401	0.623667211774062	0.5383465448937244	0.6460293855281765	0.6415357372722549	0.5645090834435424	0.5598780271934982	0.5167354584237193	1.0	1.0	1.0	1.0	1.0	1.0	0.18964579630126477	0.38643531516606183	0.3292743103640387	0.29638169706799655	0.45667410003185727	0.05395833333333319	0.6662049861495845	0.8037262085604506	0.6329639889196677	0.0	
netty	13	0.5960686425348838	0.6177396683843857	0.6235105617898579	0.5381598088263867	0.6459560780947844	0.6413813765649483	0.5643420321937807	0.5597125473030539	0.5165556639404689	1.0	1.0	1.0	1.0	1.0	1.0	0.18828646738913107	0.3863130985642944	0.3287782075566804	0.2963110901307641	0.4571519592226823	0.05374999999999988	0.6662049861495845	0.8036815298007329	0.6320406278855033	0.0	
netty	14	0.5958743333966167	0.617403211359909	0.6231875576844557	0.5379949511474049	0.6459350634616551	0.6411426563446707	0.5640147215462639	0.5595743669689479	0.5165280815328078	1.0	1.0	1.0	1.0	1.0	1.0	0.18523152395330847	0.3846003686867487	0.3270922538985191	0.2953992519699336	0.4612934055431666	0.05250000000000001	0.6657458563535912	0.803577793619676	0.6339779005524862	0.0	
netty	15	0.5955882807783726	0.6171864817675189	0.6229475981123901	0.5376260608004328	0.6456943193903205	0.6408869211596614	0.563745154502691	0.5591893761797899	0.5161213532015577	1.0	1.0	1.0	1.0	1.0	1.0	0.18477900887541818	0.384136964071714	0.3269609325671596	0.295732113245458	0.4601784007645746	0.05333333333333326	0.6652892561983471	0.803141384519684	0.6308539944903582	0.0	
netty	16	0.5956059834265139	0.6172057018732705	0.622973537440616	0.5376579934965947	0.6457126453128974	0.6409023926813525	0.5637681751270519	0.5591923830142481	0.5161448240295958	1.0	1.0	1.0	1.0	1.0	1.0	0.1851083256967007	0.3837278779463537	0.32694634130811967	0.29594393405715536	0.4601784007645746	0.05333333333333326	0.6652892561983471	0.8033635474984453	0.6308539944903582	0.0	
netty	17	0.5970577518667077	0.6183572007387534	0.6241327052928922	0.5396927452430879	0.6468440185430661	0.6421218626625599	0.5649568815817931	0.561216432159599	0.5184570201752692	1.0	1.0	1.0	1.0	1.0	1.0	0.18449308106976245	0.38311679493751677	0.3274212204659652	0.2983425525819949	0.4601784007645746	0.04999999999999983	0.6657681940700808	0.8039953047561084	0.65633423180593	0.0	
netty	18	0.5959210172480474	0.6171393592360586	0.6225170728754041	0.538061217419553	0.6464141729912881	0.6407319059308726	0.5632978611505106	0.5602982827220929	0.5171482195597433	1.0	1.0	1.0	1.0	1.0	1.0	0.16295723767772702	0.37863721699218156	0.32355453682037894	0.2974670265603125	0.46256769671870024	0.05104166666666661	0.6684636118598383	0.8041909399182682	0.6540880503144655	0.0	
netty	19	0.5956171608374208	0.6167926274990285	0.6221180738525401	0.5377374012111499	0.6463405395598536	0.640340283814976	0.5628501689925398	0.5599586364817261	0.5168950474171565	1.0	1.0	1.0	1.0	1.0	1.0	0.15834746587408294	0.3755733146839852	0.321781035607978	0.2985684947811387	0.4640012742911754	0.0508333333333333	0.6684636118598383	0.8044083123206679	0.6545372866127583	0.0	
netty	1	0.6039284980159341	0.6246146086040522	0.6318725941237242	0.5490288734950652	0.6518251366047996	0.6491091593416086	0.5734404401983669	0.5678459052425067	0.5270761680053273	1.0	1.0	1.0	1.0	1.0	1.0	0.2530141677165481	0.40685227747242486	0.3403344847163194	0.3029481422306144	0.4740363172985027	0.056666666666666685	0.6691842900302114	0.794635025825943	0.6641490433031219	0.0	
netty	2	0.6022814496834829	0.6232520462654102	0.6304223434047865	0.5468556375036544	0.6506347590029916	0.647713856970021	0.5719408122814893	0.5654779896754503	0.5247510689928578	1.0	1.0	1.0	1.0	1.0	1.0	0.2525579193581545	0.4018532789695783	0.33915126625598907	0.302353026616798	0.4756291812679197	0.05354166666666657	0.6666666666666667	0.7963709677419354	0.646825396825397	0.0	
netty	3	0.6020356661233496	0.6229903616232854	0.6301519479769689	0.5466393082684864	0.6503943888607252	0.6475001715527257	0.5716393638636598	0.5652107501336139	0.5246165682496946	1.0	1.0	1.0	1.0	1.0	1.0	0.2514157429286275	0.40042232625721846	0.33849068016490774	0.3027524601474273	0.47594775406180306	0.05104166666666661	0.6642011834319527	0.7971941210154609	0.6508875739644971	0.0	
netty	4	0.6009722937184856	0.6220254409903699	0.6291298003603975	0.5453550283633266	0.6496015627075573	0.6465078164686044	0.5705057613800573	0.5638863717270866	0.5233376000095923	1.0	1.0	1.0	1.0	1.0	1.0	0.24761783519176037	0.3960208311407901	0.33643596559646416	0.30306313067125007	0.47610704045874475	0.04979166666666652	0.6617210682492581	0.7981477936249641	0.645895153313551	0.0	
netty	5	0.5988906333177811	0.6193082370503487	0.6260640130349038	0.5425034901689492	0.6486132537428864	0.6439193267375022	0.5672816440584187	0.5630786185662479	0.5212735849528012	1.0	1.0	1.0	1.0	1.0	1.0	0.20643041803947687	0.39503121615703474	0.32610668067427534	0.291112402209392	0.4875756610385472	0.06124999999999998	0.6676557863501484	0.7936488944194507	0.638971315529179	0.0	
netty	6	0.6012294003242378	0.6219878740538127	0.6282398067368636	0.5451413813054524	0.6498733442205683	0.6459816890444648	0.5696922985002428	0.5661131368686153	0.5239316126604103	1.0	1.0	1.0	1.0	1.0	1.0	0.20345200685397116	0.4006379027631137	0.33638953886315526	0.30175791100298166	0.46256769671870024	0.07520833333333317	0.6695402298850575	0.7946792732665927	0.6556513409961686	0.0	
netty	7	0.6007117130728138	0.6216051307555973	0.6279316352120651	0.5445241331239467	0.6492423466165372	0.6455228220663318	0.5692198158240724	0.5655965227397949	0.5231589590134635	1.0	1.0	1.0	1.0	1.0	1.0	0.20383678363117444	0.39933595646373055	0.33548355432458393	0.3013927722704367	0.4579483912073909	0.07812499999999997	0.6680911680911681	0.7966639095671355	0.650997150997151	0.0	
netty	8	0.5998432570868637	0.6208394302508986	0.6270933068206599	0.5433377753548099	0.64862679011359	0.6447011141640321	0.568201586901593	0.5646749364513479	0.5219220568666909	1.0	1.0	1.0	1.0	1.0	1.0	0.19953463414099953	0.39694424546525486	0.3330136521125491	0.2991615930538913	0.4574705320165657	0.07270833333333321	0.6690140845070423	0.7980690595184008	0.6507042253521127	0.0	
netty	9	0.5990992559614869	0.620152067445823	0.626335472871258	0.5423064305561356	0.6481305566202784	0.6440521430042742	0.5674160934863668	0.563771570336908	0.520906523830817	1.0	1.0	1.0	1.0	1.0	1.0	0.19703984870424468	0.3921472438458849	0.3318224747836514	0.2971462693311708	0.45985982797069125	0.0677083333333333	0.6685236768802229	0.8025429059214666	0.6476323119777159	0.0	

