Project	Version	TQI	Functional_Suitability	Performance_Efficiency	Compatibility	Usability	Reliability	Security	Maintainability	Portability	Bad_Function	Comprehensibility	Redundancy	Structurdness	Assignment	Resource_Handling	Cohesion	Coupling	Complexity	Messaging	Encapsulation	Pattern_Structural_Integrity	Pattern_Behavioral_Integrity	Pattern_Instability	Pattern_Structural_Aberrations	Pattern_Behavioral_Aberrations	
selenium	0	0.6787473611434709	0.7053723201577176	0.7045194643376247	0.6292466771137601	0.7094021545904212	0.724503173573442	0.6554930036092317	0.6408453581319711	0.6142244226891449	1.0	1.0	1.0	1.0	1.0	1.0	0.6285231577037653	0.3935306678797796	0.5626643790833721	0.48277795933847356	0.40713603058298814	0.0	0.5833333333333333	0.8083333333333333	1.0	0.33335000000000004	
selenium	10	0.7307301606873287	0.755553768234018	0.750427229031276	0.6932129830083164	0.7607865272263653	0.7730792641713023	0.7186433960250068	0.6784783249594755	0.6810766259608995	1.0	1.0	1.0	1.0	1.0	1.0	0.807250276459115	0.47073251878231526	0.7461502790788144	0.7271443571878642	0.5607757250145493	0.0	0.5877192982456141	0.814516129032258	1.0	0.324575	
selenium	11	0.7270268575518984	0.7523309016280906	0.7474565901130213	0.6884873646329439	0.7573110148189557	0.7693293875739593	0.7139577587308353	0.6756829271023961	0.6758812443631316	1.0	1.0	1.0	1.0	1.0	1.0	0.7900283650772616	0.4621383152441446	0.7279646813908601	0.7158257833243936	0.5423401890617039	0.0	0.5877192982456141	0.814516129032258	1.0	0.33335000000000004	
selenium	12	0.7236576491392435	0.7494051121513744	0.744668187886824	0.6845776948221048	0.754025708593279	0.7660623079024775	0.7101050554176056	0.6725438340976205	0.6715098230944526	1.0	1.0	1.0	1.0	1.0	1.0	0.7769311298311369	0.46256267844472587	0.717808277831793	0.7122403724308719	0.5234811074561831	0.0	0.5849056603773585	0.8102556299452222	1.0	0.3302	
selenium	13	0.7148365819885313	0.7394073634458366	0.7358223138693241	0.6778844809072677	0.7464583160075874	0.758151727351472	0.7014493889668673	0.6618821153027059	0.6636831461917484	1.0	1.0	1.0	1.0	1.0	1.0	0.7744724899431144	0.46004196103327344	0.7164775120493738	0.7109815155638749	0.5206635670833826	0.0	0.5964912280701755	0.7879173740803621	0.9970760233918129	0.232475	
selenium	14	0.7213338060270206	0.7458846681504012	0.7421205594153761	0.6852714564063941	0.752457976962107	0.7641505552591903	0.7089022727882206	0.6680563899536107	0.6705846930345509	1.0	1.0	1.0	1.0	1.0	1.0	0.8014883986749091	0.4633876405066557	0.7336153559790979	0.7237965036587171	0.5242825148350672	0.0	0.6181818181818182	0.7983870967741935	1.0	0.231825	
selenium	15	0.7189472789025088	0.7440757007698084	0.7400794161618974	0.6822260408672346	0.750554948865236	0.7618375888795305	0.7063632026490931	0.6651736481082784	0.6670029817336337	1.0	1.0	1.0	1.0	1.0	1.0	0.7928230628168202	0.4571868454197631	0.7304373350361092	0.7258544248743788	0.5094527579859469	0.0	0.6226415094339622	0.7977784540474742	0.9874213836477987	0.226425	
selenium	16	0.7181240583828545	0.7434492503735654	0.7394490958697999	0.6812146755615971	0.7497578199186523	0.7610065364527873	0.7054009623794544	0.664393718222295	0.6658108190779083	1.0	1.0	1.0	1.0	1.0	1.0	0.7890939960881576	0.45589168893158927	0.7276901934898881	0.7259437698910685	0.5024228346830915	0.0	0.6226415094339622	0.7977784540474742	0.9874213836477987	0.226425	
selenium	17	0.7177231342583312	0.7429681026964764	0.7390195055782514	0.6807249354627547	0.7494151082063399	0.7606029732349787	0.7048757908226277	0.664190833393886	0.665371266970317	1.0	1.0	1.0	1.0	1.0	1.0	0.7859474690442176	0.45617346609677517	0.7257107857813097	0.7229169331995972	0.5037950178089468	0.0	0.6226415094339622	0.7977784540474742	0.9874213836477987	0.226425	
selenium	18	0.7154318044003812	0.7404614500616871	0.7367495843581022	0.6789516765644139	0.7470720240392381	0.758624380930777	0.702336267318049	0.6617924168538909	0.6636331923154845	1.0	1.0	1.0	1.0	1.0	1.0	0.7852637908810212	0.4559290328932404	0.7236062551899947	0.7221089327613693	0.49840713603058295	0.0	0.6176470588235294	0.7858950031625553	1.0	0.2108	
selenium	19	0.7183780088382657	0.7437920346184534	0.7398735878273741	0.6816615968113262	0.7495406274978679	0.7614202549256512	0.7055383155103365	0.6648602406443823	0.6662975483085825	1.0	1.0	1.0	1.0	1.0	1.0	0.7973275866753717	0.4618174966645053	0.7280313689908293	0.7249961776522368	0.49585855367951565	0.0	0.62	0.7851612903225806	1.0	0.22999999999999998	
selenium	1	0.6759659079753741	0.7025246161369678	0.7016957240030365	0.6262518341386751	0.7071040101289996	0.7218463993077626	0.6525684785490651	0.6378570648244583	0.6111345288772254	1.0	1.0	1.0	1.0	1.0	1.0	0.6147517415308731	0.39001524312616487	0.5590142833622459	0.48046810382044053	0.40570245301051283	0.0	0.5819672131147541	0.8116076150185088	0.9918032786885246	0.319675	
selenium	2	0.6745999516163853	0.7007012411849799	0.699803128183391	0.6247689645409664	0.7064041502399229	0.7202311710117888	0.6504122329317332	0.6370698387359078	0.6101801111111942	1.0	1.0	1.0	1.0	1.0	1.0	0.594759538397515	0.38545927980472505	0.5507261597809069	0.47546106330012794	0.4144632048423065	0.0	0.5819672131147541	0.8068482284505554	1.0	0.319675	
selenium	3	0.6734027899997517	0.6993719639901604	0.6985588848133973	0.6236652867428317	0.7054000360350546	0.7191020173859124	0.649108552903057	0.6358101651820247	0.6090501679418552	1.0	1.0	1.0	1.0	1.0	1.0	0.5906799539374378	0.38320675993604	0.5490277546421792	0.4742325025922833	0.41462249123924816	0.0	0.5819672131147541	0.8061872025383396	1.0	0.3115	
selenium	4	0.6733088113757325	0.6992862613084699	0.6984570497141152	0.6235416158100336	0.7053283236540967	0.7190035949920746	0.6489884763196351	0.6357270048509187	0.6089323853598901	1.0	1.0	1.0	1.0	1.0	1.0	0.5897406207471865	0.3829589318269006	0.5487820764826652	0.47416189565505085	0.4143039184453648	0.0	0.5819672131147541	0.8061872025383396	1.0	0.3115	
selenium	5	0.6732876852524937	0.699333508295049	0.6984162357782828	0.6234133107704716	0.70531305442017	0.7190225300475852	0.6489248162665283	0.6356653145995844	0.6088919866160875	1.0	1.0	1.0	1.0	1.0	1.0	0.5899835489428985	0.38245309089180773	0.5490233509452513	0.47431117889377095	0.41398534565148126	0.0	0.5806451612903225	0.8039802289281999	1.0	0.314525	
selenium	6	0.6733113313708128	0.6993733331353279	0.6984529454380319	0.6234342966455027	0.7053145549876709	0.7190526546618105	0.6489627731189517	0.6356834433234321	0.6089001123734319	1.0	1.0	1.0	1.0	1.0	1.0	0.5903209557511361	0.3827077088121565	0.5492302523320874	0.4744160806290877	0.4135074864606562	0.0	0.5806451612903225	0.8039802289281999	1.0	0.314525	
selenium	7	0.6991695708835186	0.7264556627208288	0.7256113524871375	0.6524136564255749	0.7253747610431577	0.7455375168241054	0.6806410794331628	0.659041367482303	0.636970158127633	1.0	1.0	1.0	1.0	1.0	1.0	0.7736997206649068	0.4560376698725892	0.6308997874372768	0.5156144739957653	0.4229053838802166	0.0	0.5862068965517242	0.7971357063403783	1.0	0.37070000000000003	
selenium	8	0.7328026714957883	0.7581220941116764	0.7520836817608045	0.6944281783961214	0.7624301546482668	0.7752710064768432	0.7208634779607656	0.680672686732147	0.6828896069891898	1.0	1.0	1.0	1.0	1.0	1.0	0.8063252160539545	0.4832716026330888	0.7570074130185099	0.7283754987269837	0.5565377445709057	0.0	0.5847457627118644	0.8067249863313286	1.0	0.343225	
selenium	9	0.7330439450064338	0.7577774550576905	0.7518975736331837	0.6956398486176115	0.7634561663731368	0.7752532844355947	0.7211974584675044	0.6800866455803849	0.6842038045540756	1.0	1.0	1.0	1.0	1.0	1.0	0.8058849664710999	0.47909077638096276	0.7571858112666743	0.7378702426653159	0.5724050204809443	0.0	0.5877192982456141	0.802207130730051	1.0	0.32894999999999996	

